TimeStamp,Light,Moisture 1,Moisture 2,Temp,Humidity
252:57,471,426,68,28.10,28.00
252:57,464,425,72,28.10,28.00
252:57,464,427,71,28.10,28.00
252:57,465,426,70,28.10,28.00
252:57,465,426,67,28.10,28.00
252:57,466,426,67,28.10,28.00
252:57,466,427,69,28.10,28.00
252:57,466,426,68,28.10,28.00
252:57,471,426,68,28.10,28.00
252:57,472,427,68,28.10,28.00
252:57,473,426,71,28.10,28.00
252:57,473,425,70,28.10,28.00
252:57,472,426,71,28.10,28.00
252:57,465,426,68,28.10,28.00
252:57,456,426,71,28.10,28.00
252:57,453,425,71,28.10,28.00
252:57,449,425,70,28.10,28.00
252:57,447,426,71,28.10,28.00
252:57,448,425,70,28.10,28.00
252:57,456,427,70,28.10,28.00
252:57,466,426,68,28.20,28.00
252:57,472,425,71,28.20,28.00
252:57,472,426,71,28.20,28.00
252:57,472,426,70,28.20,28.00
252:57,471,425,69,28.20,28.00
252:57,471,427,71,28.20,28.00
252:57,471,426,71,28.20,28.00
252:57,472,427,71,28.20,28.00
252:57,471,425,70,28.20,27.00
252:57,472,425,68,28.20,27.00
252:57,472,426,70,28.20,27.00
252:57,471,425,71,28.20,27.00
252:57,462,419,71,28.20,27.00
252:57,452,425,71,28.20,27.00
252:57,450,424,71,28.20,27.00
252:57,455,423,68,28.20,27.00
252:57,463,425,70,28.30,26.00
252:57,445,427,72,28.30,26.00
252:57,473,426,72,28.30,26.00
252:57,474,425,71,28.30,26.00
252:57,474,425,70,28.20,26.00
252:57,475,425,74,28.20,26.00
252:57,474,425,72,28.20,26.00
252:57,474,426,71,28.20,26.00
252:57,474,425,70,28.30,26.00
252:57,474,425,71,28.30,26.00
252:57,475,425,72,28.30,26.00
252:57,474,421,72,28.30,26.00
252:57,475,422,71,28.30,26.00
252:57,474,425,73,28.30,26.00
252:57,474,424,74,28.30,26.00
252:57,474,425,71,28.30,26.00
252:57,474,424,71,28.30,26.00
252:57,474,423,72,28.30,26.00
252:57,475,426,73,28.30,26.00
252:57,474,425,71,28.30,26.00
252:57,474,426,71,28.30,26.00
252:57,475,426,72,28.30,26.00
252:57,474,426,72,28.30,26.00
252:57,473,421,70,28.30,26.00
252:57,473,425,70,28.40,26.00
252:57,474,425,72,28.40,26.00
252:57,473,425,72,28.40,26.00
252:57,474,425,68,28.40,26.00
252:57,473,422,71,28.30,26.00
252:57,471,425,72,28.30,26.00
252:57,463,420,71,28.30,26.00
252:57,466,426,71,28.30,26.00
252:57,467,426,70,28.30,26.00
252:57,472,426,71,28.30,26.00
252:57,473,425,71,28.30,26.00
252:57,473,424,70,28.30,26.00
252:57,473,425,72,28.30,26.00
252:57,473,424,70,28.30,26.00
252:57,473,425,69,28.30,26.00
252:57,473,425,71,28.30,26.00
252:57,473,425,70,28.30,26.00
252:57,473,426,72,28.30,26.00
252:57,473,425,74,28.30,26.00
252:57,473,425,72,28.30,26.00
252:57,473,424,71,28.30,26.00
252:57,473,425,72,28.30,26.00
252:57,472,426,72,28.30,26.00
252:57,473,426,74,28.30,26.00
252:57,473,426,71,28.30,26.00
252:57,473,425,71,28.30,26.00
252:57,473,425,76,28.30,26.00
252:57,473,425,71,28.30,26.00
252:57,473,425,71,28.40,26.00
252:57,473,424,72,28.40,26.00
252:57,473,426,72,28.40,26.00
252:57,473,425,71,28.40,26.00
252:57,473,424,70,28.30,26.00
252:57,473,426,72,28.30,26.00
252:57,473,424,70,28.30,26.00
252:57,473,420,68,28.30,26.00
252:57,473,425,71,28.40,26.00
252:57,472,426,68,28.40,26.00
252:57,472,426,74,28.40,26.00
252:57,472,425,71,28.40,26.00
252:57,472,425,70,28.30,26.00
252:57,472,425,72,28.30,26.00
252:57,472,425,72,28.30,26.00
252:57,472,425,70,28.30,26.00
252:57,472,424,71,28.30,26.00
252:57,472,424,73,28.30,26.00
252:57,472,425,72,28.30,26.00
252:57,472,425,71,28.30,26.00
252:57,472,424,70,28.30,26.00
252:57,471,425,71,28.30,26.00
252:57,468,425,71,28.30,26.00
252:57,466,424,70,28.30,26.00
252:57,470,425,70,28.30,26.00
252:57,466,425,72,28.30,26.00
252:57,471,426,72,28.30,26.00
252:57,471,424,71,28.30,26.00
252:57,471,422,72,28.30,26.00
252:57,471,419,72,28.30,26.00
252:57,471,425,73,28.30,26.00
252:57,471,425,72,28.30,26.00
252:57,471,425,71,28.30,26.00
252:57,471,426,73,28.30,26.00
252:57,471,425,68,28.30,26.00
252:57,471,425,72,28.30,26.00
252:57,471,425,70,28.30,26.00
252:57,471,421,72,28.30,26.00
252:57,471,425,73,28.30,26.00
252:57,470,425,67,28.30,26.00
252:57,465,425,71,28.30,26.00
252:57,454,425,72,28.30,26.00
252:57,465,425,73,28.30,26.00
252:57,468,425,74,28.30,26.00
252:57,465,425,70,28.40,26.00
252:57,464,424,68,28.40,26.00
252:57,466,426,71,28.40,26.00
252:57,469,424,72,28.40,26.00
252:57,469,425,71,28.30,26.00
252:57,469,425,71,28.30,26.00
252:57,470,424,73,28.30,26.00
252:57,470,426,70,28.30,26.00
252:57,471,423,70,28.40,26.00
252:57,471,426,72,28.40,26.00
252:57,471,425,71,28.40,26.00
252:57,471,425,70,28.40,26.00
252:57,471,425,70,28.40,26.00
252:57,470,425,71,28.40,26.00
252:57,470,425,68,28.40,26.00
252:57,471,420,71,28.40,26.00
252:57,470,425,71,28.30,26.00
252:57,470,426,72,28.30,26.00
252:57,470,424,74,28.30,26.00
252:57,470,424,71,28.30,26.00
252:57,470,424,71,28.30,26.00
252:57,470,425,72,28.30,26.00
252:57,469,425,69,28.30,26.00
252:57,469,424,71,28.30,26.00
252:57,462,418,70,28.30,26.00
252:57,455,424,72,28.30,26.00
252:57,439,424,71,28.30,26.00
252:57,421,419,70,28.30,26.00
252:57,447,424,66,28.40,26.00
252:57,463,421,76,28.40,26.00
252:57,463,425,71,28.40,26.00
252:57,464,423,68,28.40,26.00
252:57,464,425,70,28.30,26.00
252:57,464,425,68,28.30,26.00
252:57,464,425,71,28.30,26.00
252:57,464,420,71,28.30,26.00
252:57,464,424,68,28.40,26.00
252:57,464,424,71,28.40,26.00
252:57,464,425,71,28.40,26.00
252:57,464,421,70,28.40,26.00
252:57,463,424,70,28.40,26.00
252:57,464,421,67,28.40,26.00
252:57,463,425,70,28.40,26.00
252:57,464,424,70,28.40,26.00
252:57,463,424,70,28.40,26.00
252:57,464,424,70,28.40,26.00
252:57,464,424,70,28.40,26.00
252:57,464,422,71,28.40,26.00
252:57,464,425,72,28.40,27.00
252:57,464,425,72,28.40,27.00
252:57,464,424,71,28.40,27.00
252:57,464,425,70,28.40,27.00
252:57,464,419,72,28.40,27.00
252:57,463,423,72,28.40,27.00
252:57,463,424,70,28.40,27.00
252:57,463,423,70,28.40,27.00
252:57,463,424,71,28.40,27.00
252:57,463,424,71,28.40,27.00
252:57,463,424,68,28.40,27.00
252:57,463,424,72,28.40,27.00
252:57,463,423,70,28.40,27.00
252:57,464,424,70,28.40,27.00
252:57,464,423,68,28.40,27.00
252:57,464,424,70,28.40,27.00
252:57,464,424,70,28.40,27.00
252:57,464,422,72,28.40,27.00
252:57,463,424,68,28.40,27.00
252:57,463,425,70,28.40,27.00
252:57,463,424,66,28.40,27.00
252:57,463,422,71,28.40,27.00
252:57,463,425,71,28.40,27.00
252:57,463,424,70,28.40,27.00
252:57,463,418,69,28.40,27.00
252:57,463,424,71,28.40,27.00
252:57,463,418,69,28.40,27.00
252:57,463,424,71,28.40,27.00
252:57,463,421,70,28.40,27.00
252:57,463,424,67,28.40,27.00
252:57,463,424,71,28.40,27.00
252:57,462,425,71,28.40,27.00
252:57,462,424,70,28.40,27.00
252:57,463,419,74,28.40,27.00
252:57,463,425,72,28.40,27.00
252:57,463,426,71,28.40,27.00
252:57,462,424,71,28.40,27.00
252:57,462,423,70,28.40,27.00
252:57,462,424,71,28.40,27.00
252:57,462,419,70,28.40,27.00
252:57,462,423,70,28.40,27.00
252:57,463,420,71,28.40,27.00
252:57,462,425,71,28.40,27.00
252:57,462,424,70,28.40,27.00
252:57,462,424,68,28.40,27.00
252:57,462,422,71,28.40,27.00
252:57,462,423,72,28.40,27.00
252:57,461,420,70,28.40,27.00
252:57,449,423,70,28.40,27.00
252:57,439,424,71,28.40,27.00
252:57,425,424,73,28.40,27.00
252:57,423,424,70,28.40,27.00
252:57,423,423,70,28.40,27.00
252:57,420,425,71,28.40,27.00
252:57,415,423,70,28.40,27.00
252:57,421,422,69,28.40,27.00
252:57,425,423,70,28.40,27.00
252:57,436,424,70,28.40,27.00
252:57,454,423,71,28.40,27.00
252:57,463,420,70,28.40,27.00
252:57,463,422,69,28.40,27.00
252:57,463,424,71,28.40,27.00
252:57,464,424,72,28.40,27.00
252:57,464,424,70,28.40,27.00
252:57,464,418,70,28.40,27.00
252:57,464,420,71,28.40,27.00
252:57,464,425,72,28.40,27.00
252:57,464,424,70,28.40,27.00
252:57,463,424,70,28.40,27.00
252:57,463,425,68,28.40,27.00
252:57,464,424,71,28.40,27.00
252:57,464,422,70,28.40,27.00
252:57,463,424,71,28.40,27.00
252:57,463,425,71,28.40,27.00
252:57,463,424,71,28.40,27.00
252:57,463,424,69,28.40,27.00
252:57,463,423,72,28.40,27.00
252:57,463,421,68,28.40,27.00
252:57,463,424,71,28.40,27.00
252:57,463,423,71,28.40,27.00
252:57,463,425,70,28.50,27.00
252:57,463,424,71,28.50,27.00
252:57,463,424,71,28.50,27.00
252:57,463,424,71,28.50,27.00
252:57,463,424,70,28.50,27.00
252:57,463,424,72,28.50,27.00
252:57,463,424,73,28.50,27.00
252:57,463,424,70,28.50,27.00
252:57,462,422,69,28.50,27.00
252:57,463,424,71,28.50,27.00
252:57,463,424,71,28.50,27.00
252:57,462,424,70,28.50,27.00
252:57,463,423,70,28.60,27.00
252:57,463,422,71,28.60,27.00
252:57,462,424,71,28.60,27.00
252:57,449,423,71,28.60,27.00
252:57,438,423,67,28.50,27.00
252:57,436,423,67,28.50,27.00
252:57,438,423,65,28.50,27.00
252:57,439,423,60,28.50,27.00
252:57,439,424,63,28.50,27.00
252:57,440,425,72,28.50,27.00
252:57,440,425,71,28.50,27.00
252:57,439,424,73,28.50,27.00
252:57,440,424,77,28.50,27.00
252:57,439,425,79,28.50,27.00
252:57,441,421,82,28.50,27.00
252:57,445,419,82,28.50,27.00
252:57,449,419,83,28.60,27.00
252:57,458,426,86,28.60,27.00
252:57,460,426,86,28.60,27.00
252:57,461,419,86,28.60,27.00
252:57,461,426,86,28.60,27.00
252:57,461,421,82,28.60,27.00
252:57,461,421,88,28.60,27.00
252:57,461,426,87,28.60,27.00
252:57,461,426,87,28.60,27.00
252:57,461,423,80,28.60,27.00
252:57,461,426,88,28.60,27.00
252:57,461,426,85,28.60,27.00
252:57,461,424,86,28.60,27.00
252:57,461,425,85,28.60,27.00
252:57,461,422,82,28.60,27.00
252:57,460,424,86,28.60,27.00
252:57,461,426,88,28.50,27.00
252:57,460,422,86,28.50,27.00
252:57,460,425,87,28.50,27.00
252:57,461,425,86,28.50,27.00
252:57,460,425,86,28.50,27.00
252:57,460,426,88,28.50,27.00
252:57,460,425,88,28.50,27.00
252:57,460,425,85,28.50,27.00
252:57,461,425,86,28.60,27.00
252:57,461,426,88,28.60,27.00
252:57,461,425,86,28.60,27.00
252:57,461,426,86,28.60,27.00
252:57,461,426,86,28.60,27.00
252:57,461,426,88,28.60,27.00
252:57,461,426,88,28.60,27.00
252:57,461,427,90,28.60,27.00
252:57,460,425,87,28.50,27.00
252:57,461,423,83,28.50,27.00
252:57,460,425,88,28.50,27.00
252:57,460,425,87,28.50,27.00
252:57,460,425,85,28.60,27.00
252:57,460,425,86,28.60,27.00
252:57,460,426,82,28.60,27.00
252:57,460,425,85,28.60,27.00
252:57,460,425,85,28.60,27.00
252:57,451,426,81,28.60,27.00
252:57,430,426,86,28.60,27.00
252:57,429,425,81,28.60,27.00
252:57,429,428,105,28.60,27.00
252:57,414,421,93,28.60,27.00
252:57,419,421,87,28.60,27.00
252:57,420,420,83,28.60,27.00
252:57,420,419,78,28.60,27.00
252:57,438,422,83,28.60,27.00
252:57,444,417,81,28.60,27.00
252:57,445,420,83,28.60,27.00
252:57,437,420,83,28.60,27.00
252:57,419,421,85,28.60,27.00
252:57,425,419,83,28.60,27.00
252:57,438,421,86,28.60,27.00
252:57,442,420,81,28.60,27.00
252:57,451,421,88,28.60,27.00
252:57,442,422,86,28.60,27.00
252:57,430,416,88,28.60,27.00
252:57,442,421,86,28.50,27.00
252:57,456,416,84,28.50,27.00
252:57,457,421,86,28.50,27.00
252:57,457,415,85,28.50,27.00
252:57,457,421,81,28.60,27.00
252:57,457,421,85,28.60,27.00
252:57,457,422,82,28.60,27.00
252:57,457,420,86,28.60,27.00
252:57,457,420,84,28.60,27.00
252:57,456,422,86,28.60,27.00
252:57,450,421,85,28.60,27.00
252:57,444,421,85,28.60,27.00
252:57,371,421,86,28.60,27.00
252:57,411,419,86,28.60,27.00
252:57,445,421,87,28.60,27.00
252:57,446,420,86,28.60,27.00
252:57,415,420,85,28.60,27.00
252:57,427,420,85,28.60,27.00
252:57,419,420,83,28.60,27.00
252:57,419,420,81,28.60,27.00
252:57,418,420,79,28.70,27.00
252:57,417,420,80,28.70,27.00
252:57,416,416,76,28.70,27.00
252:57,418,420,72,28.70,27.00
252:57,417,416,72,28.60,27.00
252:57,416,421,79,28.60,27.00
252:57,416,420,73,28.60,27.00
252:57,417,417,74,28.60,27.00
252:57,417,413,74,28.70,27.00
252:57,418,418,73,28.70,27.00
252:57,421,418,72,28.70,27.00
252:57,418,419,68,28.70,27.00
252:57,416,420,75,28.60,27.00
252:57,414,419,77,28.60,27.00
252:57,410,420,80,28.60,27.00
252:57,407,420,79,28.60,27.00
252:57,411,419,80,28.60,27.00
252:57,417,421,82,28.60,27.00
252:57,400,415,81,28.60,27.00
252:57,375,421,83,28.60,27.00
252:57,381,420,81,28.60,27.00
252:57,375,422,84,28.60,27.00
252:57,376,421,83,28.60,27.00
252:57,368,417,82,28.60,27.00
252:57,385,420,83,28.60,28.00
252:57,404,421,86,28.60,28.00
252:57,416,420,83,28.60,28.00
252:57,418,419,81,28.60,28.00
252:57,417,418,80,28.60,28.00
252:57,417,412,71,28.60,28.00
252:57,419,418,65,28.60,28.00
252:57,419,421,70,28.60,28.00
252:57,419,418,65,28.70,29.00
252:57,418,418,66,28.70,29.00
252:57,418,418,65,28.70,29.00
252:57,418,414,74,28.70,29.00
252:57,418,418,68,28.60,28.00
252:57,418,417,65,28.60,28.00
252:57,419,414,60,28.60,28.00
252:57,420,418,66,28.60,28.00
252:57,419,417,61,28.60,27.00
252:57,420,417,67,28.60,27.00
252:57,417,418,68,28.60,27.00
252:57,427,418,68,28.60,27.00
252:57,428,418,68,28.60,26.00
252:57,409,418,70,28.60,26.00
252:57,404,418,70,28.60,26.00
252:57,415,418,69,28.60,26.00
252:57,430,419,68,28.60,26.00
252:57,432,418,71,28.60,26.00
252:57,431,418,69,28.60,26.00
252:57,431,419,68,28.60,26.00
252:57,425,417,68,28.60,26.00
252:57,397,418,69,28.60,26.00
252:57,380,417,70,28.60,26.00
252:57,426,418,68,28.60,26.00
252:57,432,418,69,28.60,26.00
252:57,427,418,68,28.60,26.00
252:57,430,418,68,28.60,26.00
252:57,433,418,68,28.60,26.00
252:57,433,420,69,28.60,26.00
252:57,433,419,69,28.60,26.00
252:57,432,418,69,28.60,26.00
252:57,432,418,68,28.60,26.00
252:57,432,419,68,28.70,26.00
252:57,432,418,69,28.70,26.00
252:57,432,419,69,28.70,26.00
252:57,431,418,68,28.70,26.00
252:57,430,417,70,28.60,26.00
252:57,430,418,68,28.60,26.00
252:57,431,418,70,28.60,26.00
252:57,432,418,69,28.60,26.00
252:57,432,419,68,28.70,26.00
252:57,432,418,72,28.70,26.00
252:57,432,418,69,28.70,26.00
252:57,432,418,69,28.70,26.00
252:57,431,419,70,28.70,26.00
252:57,421,417,72,28.70,26.00
252:57,417,420,77,28.70,26.00
252:57,414,415,77,28.70,26.00
252:57,420,420,75,28.70,26.00
252:57,430,419,76,28.70,26.00
252:57,429,414,80,28.70,26.00
252:57,405,420,81,28.70,26.00
252:57,412,419,80,28.60,26.00
252:57,433,420,81,28.60,26.00
252:57,435,420,80,28.60,26.00
252:57,435,419,80,28.60,26.00
252:57,435,420,81,28.70,26.00
252:57,436,419,82,28.70,26.00
252:57,435,420,81,28.70,26.00
252:57,436,418,84,28.70,26.00
252:57,436,418,80,28.60,26.00
252:57,435,420,84,28.60,26.00
252:57,435,420,84,28.60,26.00
252:57,435,420,77,28.60,26.00
252:57,435,419,81,28.70,27.00
252:57,432,417,82,28.70,27.00
252:57,425,419,81,28.70,27.00
252:57,425,418,82,28.70,27.00
252:57,414,419,80,28.60,27.00
252:57,412,420,80,28.60,27.00
252:57,433,418,82,28.60,27.00
252:57,435,417,81,28.60,27.00
252:57,435,419,81,28.70,27.00
252:57,436,419,82,28.70,27.00
252:57,435,418,84,28.70,27.00
252:57,436,419,82,28.70,27.00
252:57,436,420,80,28.60,27.00
252:57,435,420,82,28.60,27.00
252:57,436,420,84,28.60,27.00
252:57,436,419,78,28.60,27.00
252:57,436,420,83,28.60,27.00
252:57,436,420,83,28.60,27.00
252:57,435,419,83,28.60,27.00
252:57,435,420,82,28.60,27.00
252:57,435,419,84,28.70,26.00
252:57,436,420,83,28.70,26.00
252:57,436,416,83,28.70,26.00
252:57,435,419,84,28.70,26.00
252:57,435,419,82,28.70,26.00
252:57,436,420,84,28.70,26.00
252:57,435,414,83,28.70,26.00
252:57,435,419,82,28.70,26.00
252:57,435,414,84,28.70,27.00
252:57,435,419,83,28.70,27.00
252:57,436,420,83,28.70,27.00
252:57,434,420,82,28.70,27.00
252:57,435,419,83,28.70,27.00
252:57,436,419,83,28.70,27.00
252:57,435,417,84,28.70,27.00
252:57,436,419,82,28.70,27.00
252:57,434,420,83,28.60,27.00
252:57,435,420,84,28.60,27.00
252:57,436,419,80,28.60,27.00
252:57,434,420,83,28.60,27.00
252:57,435,420,81,28.60,27.00
252:57,435,420,84,28.60,27.00
252:57,435,420,84,28.60,27.00
252:57,434,419,81,28.60,27.00
252:57,435,415,82,28.70,27.00
252:57,434,420,82,28.70,27.00
252:57,435,420,84,28.70,27.00
252:57,434,420,83,28.70,27.00
252:57,435,419,84,28.60,27.00
252:57,435,420,84,28.60,27.00
252:57,435,419,83,28.60,27.00
252:57,435,419,82,28.60,27.00
252:57,435,419,80,28.70,26.00
252:57,435,416,83,28.70,26.00
252:57,434,419,80,28.70,26.00
252:57,434,419,83,28.70,26.00
252:57,434,420,81,28.70,26.00
252:57,435,417,83,28.70,26.00
252:57,434,421,83,28.70,26.00
252:57,434,420,81,28.70,26.00
252:57,434,418,82,28.70,26.00
252:57,434,420,84,28.70,26.00
252:57,434,416,83,28.70,26.00
252:57,434,420,83,28.70,26.00
252:57,434,419,82,28.70,26.00
252:57,433,420,84,28.70,26.00
252:57,434,420,83,28.70,26.00
252:57,434,420,82,28.70,26.00
252:57,434,419,82,28.60,25.00
252:57,434,420,83,28.60,25.00
252:57,434,414,84,28.60,25.00
252:57,433,419,80,28.60,25.00
252:57,434,419,76,28.70,25.00
252:57,434,419,83,28.70,25.00
252:57,434,419,84,28.70,25.00
252:57,433,419,77,28.70,25.00
252:57,434,419,82,28.70,25.00
252:57,433,419,83,28.70,25.00
252:57,433,413,84,28.70,25.00
252:57,433,420,84,28.70,25.00
252:57,433,420,82,28.70,25.00
252:57,433,418,84,28.70,25.00
252:57,432,419,83,28.70,25.00
252:57,433,419,81,28.70,25.00
252:57,433,420,81,28.70,25.00
252:57,432,420,83,28.70,25.00
252:57,433,419,82,28.70,25.00
252:57,433,419,84,28.70,25.00
252:57,433,419,84,28.70,25.00
252:57,432,419,81,28.70,25.00
252:57,433,420,83,28.70,25.00
252:57,433,419,82,28.70,25.00
252:57,433,419,81,28.60,25.00
252:57,433,414,82,28.60,25.00
252:57,433,417,84,28.60,25.00
252:57,433,420,81,28.60,25.00
252:57,433,419,78,28.70,25.00
252:57,433,420,81,28.70,25.00
252:57,433,419,84,28.70,25.00
252:57,433,420,81,28.70,25.00
252:57,433,419,84,28.70,26.00
252:57,433,420,83,28.70,26.00
252:57,432,420,82,28.70,26.00
252:57,433,419,81,28.70,26.00
252:57,433,419,81,28.70,26.00
252:57,433,419,81,28.70,26.00
252:57,432,414,82,28.70,26.00
252:57,432,419,84,28.70,26.00
252:57,432,419,80,28.70,25.00
252:57,432,418,82,28.70,25.00
252:57,432,419,83,28.70,25.00
252:57,432,420,80,28.70,25.00
252:57,432,420,76,28.70,26.00
252:57,432,420,80,28.70,26.00
252:57,432,420,81,28.70,26.00
252:57,432,417,84,28.70,26.00
252:57,433,419,82,28.70,25.00
252:57,432,416,84,28.70,25.00
252:57,432,419,80,28.70,25.00
252:57,432,413,82,28.70,25.00
252:57,432,419,80,28.70,26.00
252:57,432,419,77,28.70,26.00
252:57,432,419,81,28.70,26.00
252:57,432,419,81,28.70,26.00
252:57,432,413,81,28.70,25.00
252:57,432,419,83,28.70,25.00
252:57,432,418,84,28.70,25.00
252:57,432,420,81,28.70,25.00
252:57,432,419,81,28.70,26.00
252:57,432,420,83,28.70,26.00
252:57,432,420,83,28.70,26.00
252:57,432,419,80,28.70,26.00
252:57,431,415,82,28.70,26.00
252:57,431,419,84,28.70,26.00
252:57,431,419,81,28.70,26.00
252:57,432,420,78,28.70,26.00
252:57,432,419,80,28.70,26.00
252:57,432,419,80,28.70,26.00
252:57,431,419,81,28.70,26.00
252:57,430,419,80,28.70,26.00
252:57,431,419,82,28.70,26.00
252:57,432,419,82,28.70,26.00
252:57,431,419,82,28.70,26.00
252:57,431,419,80,28.70,26.00
252:57,431,413,80,28.70,26.00
252:57,432,419,84,28.70,26.00
252:57,431,419,84,28.70,26.00
252:57,431,419,82,28.70,26.00
252:57,431,414,81,28.70,26.00
252:57,431,419,77,28.70,26.00
252:57,431,420,84,28.70,26.00
252:57,429,419,82,28.70,26.00
252:57,430,418,82,28.70,26.00
252:57,430,419,81,28.70,26.00
252:57,431,419,82,28.70,26.00
252:57,430,413,82,28.70,26.00
252:57,430,418,80,28.70,27.00
252:57,428,419,83,28.70,27.00
252:57,425,419,83,28.70,27.00
252:57,426,419,82,28.70,27.00
252:57,426,418,84,28.70,27.00
252:57,427,420,83,28.70,27.00
252:57,429,420,84,28.70,27.00
252:57,430,420,83,28.70,27.00
252:57,430,419,82,28.70,27.00
252:57,429,420,83,28.70,27.00
252:57,430,419,84,28.70,27.00
252:57,430,419,83,28.70,27.00
252:57,430,420,81,28.70,27.00
252:57,429,420,83,28.70,27.00
252:57,431,420,83,28.70,27.00
252:57,430,419,81,28.70,27.00
252:57,429,420,80,28.80,27.00
252:57,430,418,81,28.80,27.00
252:57,431,418,84,28.80,27.00
252:57,429,419,80,28.80,27.00
252:57,430,414,82,28.80,27.00
252:57,431,416,84,28.80,27.00
252:57,430,419,85,28.80,27.00
252:57,430,420,83,28.80,27.00
252:57,430,418,80,28.70,27.00
252:57,430,419,82,28.70,27.00
252:57,430,419,84,28.70,27.00
252:57,430,419,83,28.70,27.00
252:57,431,419,81,28.70,26.00
252:57,429,419,83,28.70,26.00
252:57,430,419,82,28.70,26.00
252:57,430,419,82,28.70,26.00
252:57,429,418,82,28.70,26.00
252:57,429,419,78,28.70,26.00
252:57,425,419,81,28.70,26.00
252:57,427,419,81,28.70,26.00
252:57,425,415,81,28.60,26.00
252:57,425,417,81,28.60,26.00
252:57,429,420,80,28.60,26.00
252:57,430,418,81,28.60,26.00
252:57,430,419,81,28.70,26.00
252:57,430,417,82,28.70,26.00
252:57,430,419,84,28.70,26.00
252:57,431,419,80,28.70,26.00
252:57,430,418,81,28.70,26.00
252:57,430,419,80,28.70,26.00
252:57,429,419,80,28.70,26.00
252:57,430,418,80,28.70,26.00
252:57,430,418,71,28.70,26.00
252:57,430,418,76,28.70,26.00
252:57,430,418,69,28.70,26.00
252:57,430,417,76,28.70,26.00
252:57,430,418,76,28.70,26.00
252:57,430,418,76,28.70,26.00
252:57,430,418,75,28.70,26.00
252:57,429,418,75,28.70,26.00
252:57,430,418,75,28.70,26.00
252:57,430,417,75,28.70,26.00
252:57,430,418,72,28.70,26.00
252:57,430,417,74,28.70,26.00
252:57,430,412,76,28.70,26.00
252:57,429,418,74,28.70,26.00
252:57,429,419,74,28.70,26.00
252:57,429,413,75,28.70,26.00
252:57,429,417,73,28.70,26.00
252:57,430,418,75,28.70,26.00
252:57,429,414,75,28.70,26.00
252:57,429,416,74,28.70,26.00
252:57,429,418,73,28.70,26.00
252:57,428,418,75,28.70,26.00
252:57,429,417,75,28.70,26.00
252:57,428,417,74,28.70,26.00
252:57,429,419,73,28.70,26.00
252:57,429,418,75,28.70,26.00
252:57,429,418,74,28.70,26.00
252:57,429,417,76,28.70,26.00
252:57,429,419,74,28.70,26.00
252:57,429,415,76,28.70,26.00
252:57,429,419,73,28.70,26.00
252:57,429,418,74,28.70,26.00
252:57,429,417,72,28.70,26.00
252:57,428,418,75,28.70,26.00
252:57,429,418,75,28.70,26.00
252:57,429,419,73,28.70,26.00
252:57,429,418,73,28.70,26.00
252:57,428,418,75,28.70,26.00
252:57,429,418,74,28.70,26.00
252:57,429,413,76,28.70,26.00
252:57,429,414,76,28.70,26.00
252:57,429,419,76,28.70,26.00
252:57,429,418,75,28.70,26.00
252:57,429,418,72,28.70,26.00
252:57,429,419,73,28.70,26.00
252:57,429,418,74,28.70,26.00
252:57,429,414,76,28.70,26.00
252:57,429,417,68,28.70,26.00
252:57,429,417,73,28.70,26.00
252:57,428,418,74,28.70,26.00
252:57,429,418,74,28.70,26.00
252:57,429,418,75,28.70,26.00
252:57,429,416,73,28.70,26.00
252:57,429,418,75,28.70,26.00
252:57,428,418,74,28.70,26.00
252:57,429,418,73,28.70,26.00
252:57,428,418,74,28.70,26.00
252:57,429,419,75,28.70,26.00
252:57,429,418,75,28.70,26.00
252:57,428,417,73,28.70,26.00
252:57,429,412,76,28.80,25.00
252:57,428,418,74,28.80,25.00
252:57,428,418,75,28.80,25.00
252:57,430,418,74,28.80,25.00
252:57,429,418,74,28.70,25.00
252:57,428,417,75,28.70,25.00
252:57,428,417,76,28.70,25.00
252:57,429,417,73,28.70,25.00
252:57,429,418,73,28.80,25.00
252:57,428,417,74,28.80,25.00
252:57,429,419,74,28.80,25.00
252:57,429,418,73,28.80,25.00
252:57,428,417,69,28.70,25.00
252:57,427,419,76,28.70,25.00
252:57,428,418,80,28.70,25.00
252:57,428,416,76,28.70,25.00
252:57,428,417,72,28.70,25.00
252:57,428,418,75,28.70,25.00
252:57,428,417,76,28.70,25.00
252:57,427,418,74,28.70,25.00
252:57,428,413,74,28.70,25.00
252:57,428,418,73,28.70,25.00
252:57,428,418,75,28.70,25.00
252:57,428,419,75,28.70,25.00
252:57,428,418,73,28.70,25.00
252:57,428,412,76,28.70,25.00
252:57,428,415,75,28.70,25.00
252:57,428,418,74,28.70,25.00
252:57,429,415,73,28.70,25.00
252:57,428,419,70,28.70,25.00
252:57,428,416,76,28.70,25.00
252:57,428,419,76,28.70,25.00
252:57,427,418,73,28.80,25.00
252:57,428,419,74,28.80,25.00
252:57,427,414,74,28.80,25.00
252:57,428,417,74,28.80,25.00
252:57,426,418,73,28.70,25.00
252:57,427,412,76,28.70,25.00
252:57,427,413,75,28.70,25.00
252:57,428,418,73,28.70,25.00
252:57,428,417,74,28.80,26.00
252:57,427,418,70,28.80,26.00
252:57,427,418,74,28.80,26.00
252:57,427,419,74,28.80,26.00
252:57,427,417,74,28.70,26.00
252:57,427,418,75,28.70,26.00
252:57,427,418,74,28.70,26.00
252:57,427,419,75,28.70,26.00
252:57,427,418,73,28.80,26.00
252:57,427,419,73,28.80,26.00
252:57,427,417,75,28.80,26.00
252:57,428,416,73,28.80,26.00
252:57,427,418,74,28.80,26.00
252:57,427,419,74,28.80,26.00
252:57,428,417,75,28.80,26.00
252:57,428,417,76,28.80,26.00
252:57,427,417,73,28.80,27.00
252:57,427,416,73,28.80,27.00
252:57,427,418,74,28.80,27.00
252:57,427,417,73,28.80,27.00
252:57,426,418,73,28.70,27.00
252:57,427,417,76,28.70,27.00
252:57,427,418,75,28.70,27.00
252:57,427,418,74,28.70,27.00
252:57,426,417,73,28.80,27.00
252:57,426,417,74,28.80,27.00
252:57,427,417,76,28.80,27.00
252:57,427,418,74,28.80,27.00
252:57,427,418,73,28.80,27.00
252:57,426,418,72,28.80,27.00
252:57,427,418,75,28.80,27.00
252:57,426,417,76,28.80,27.00
252:57,426,417,74,28.80,27.00
252:57,427,417,75,28.80,27.00
252:57,426,417,74,28.80,27.00
252:57,426,418,76,28.80,27.00
252:57,427,417,74,28.80,27.00
252:57,426,417,73,28.80,27.00
252:57,426,418,70,28.80,27.00
252:57,426,417,73,28.80,27.00
252:57,425,418,73,28.70,27.00
252:57,426,418,73,28.70,27.00
252:57,427,418,74,28.70,27.00
252:57,426,417,71,28.70,27.00
252:57,426,417,73,28.70,27.00
252:57,425,418,75,28.70,27.00
252:57,425,418,72,28.70,27.00
252:57,426,417,73,28.70,27.00
252:57,425,418,72,28.70,26.00
252:57,424,415,74,28.70,26.00
252:57,419,418,75,28.70,26.00
252:57,420,417,74,28.70,26.00
252:57,416,416,73,28.80,26.00
252:57,411,417,71,28.80,26.00
252:57,393,417,72,28.80,26.00
252:57,402,418,72,28.80,26.00
252:57,405,418,73,28.80,26.00
252:57,408,417,73,28.80,26.00
252:57,411,417,71,28.80,26.00
252:57,413,415,70,28.80,26.00
252:57,403,416,70,28.70,26.00
252:57,391,417,74,28.70,26.00
252:57,369,415,74,28.70,26.00
252:57,285,418,73,28.70,26.00
252:57,294,417,72,28.80,26.00
252:57,343,417,76,28.80,26.00
252:57,298,418,73,28.80,26.00
252:57,276,417,76,28.80,26.00
252:57,287,417,72,28.70,27.00
252:57,267,417,73,28.70,27.00
252:57,303,417,73,28.70,27.00
252:57,351,417,74,28.70,27.00
252:57,378,417,74,28.70,27.00
252:57,403,418,74,28.70,27.00
252:57,408,417,73,28.70,27.00
252:57,411,417,73,28.70,27.00
252:57,413,418,72,28.70,27.00
252:57,413,417,73,28.70,27.00
252:57,413,418,72,28.70,27.00
252:57,413,417,72,28.70,27.00
252:57,411,417,73,28.80,28.00
252:57,411,418,73,28.80,28.00
252:57,413,418,73,28.80,28.00
252:57,412,417,76,28.80,28.00
252:57,409,412,72,28.90,28.00
252:57,413,418,72,28.90,28.00
252:57,414,417,72,28.90,28.00
252:57,413,418,74,28.90,28.00
252:57,413,417,71,28.70,28.00
252:57,414,419,74,28.70,28.00
252:57,413,418,74,28.70,28.00
252:57,413,418,74,28.70,28.00
252:57,413,418,72,28.70,28.00
252:57,413,417,75,28.70,28.00
252:57,415,418,75,28.70,28.00
252:57,417,413,73,28.70,28.00
252:57,418,417,74,28.80,28.00
252:57,417,416,74,28.80,28.00
252:57,413,417,74,28.80,28.00
252:57,415,417,74,28.80,28.00
252:57,419,417,73,28.70,28.00
252:57,421,418,75,28.70,28.00
252:57,422,417,75,28.70,28.00
252:57,423,413,70,28.70,28.00
252:57,424,418,73,28.80,28.00
252:57,424,418,76,28.80,28.00
252:57,424,418,75,28.80,28.00
252:57,424,414,74,28.80,28.00
252:57,424,418,72,28.70,28.00
252:57,424,417,75,28.70,28.00
252:57,424,418,75,28.70,28.00
252:57,424,418,74,28.70,28.00
252:57,424,418,73,28.90,27.00
252:57,424,414,75,28.90,27.00
252:57,424,415,73,28.90,27.00
252:57,424,418,73,28.90,27.00
252:57,424,416,73,28.90,28.00
252:57,424,418,76,28.90,28.00
252:57,424,418,75,28.90,28.00
252:57,425,412,73,28.90,28.00
252:57,424,414,73,28.70,28.00
252:57,424,417,74,28.70,28.00
252:57,424,418,75,28.70,28.00
252:57,424,416,75,28.70,28.00
252:57,424,417,73,28.80,28.00
252:57,424,412,73,28.80,28.00
252:57,424,418,76,28.80,28.00
252:57,424,417,74,28.80,28.00
252:57,423,417,73,28.70,28.00
252:57,424,417,71,28.70,28.00
252:57,424,417,74,28.70,28.00
252:57,424,418,76,28.70,28.00
252:57,423,417,73,28.80,28.00
252:57,424,417,73,28.80,28.00
252:57,424,413,69,28.80,28.00
252:57,424,418,76,28.80,28.00
252:57,424,419,73,28.70,27.00
252:57,424,418,72,28.70,27.00
252:57,424,418,73,28.70,27.00
252:57,424,418,74,28.70,27.00
252:57,423,418,74,28.80,27.00
252:57,424,417,73,28.80,27.00
252:57,422,415,74,28.80,27.00
252:57,424,417,76,28.80,27.00
252:57,423,417,72,28.70,27.00
252:57,423,418,73,28.70,27.00
252:57,423,417,70,28.70,27.00
252:57,423,418,74,28.70,27.00
252:57,424,416,73,28.70,27.00
252:57,423,417,74,28.70,27.00
252:57,422,418,73,28.70,27.00
252:57,423,418,74,28.70,27.00
252:57,423,417,73,28.70,27.00
252:57,423,418,76,28.70,27.00
252:57,423,418,74,28.70,27.00
252:57,423,412,74,28.70,27.00
252:57,423,417,73,28.70,27.00
252:57,422,417,73,28.70,27.00
252:57,423,418,70,28.70,27.00
252:57,423,417,73,28.70,27.00
252:57,423,417,72,28.70,26.00
252:57,423,414,72,28.70,26.00
252:57,423,418,75,28.70,26.00
252:57,423,417,73,28.70,26.00
252:57,422,417,73,28.80,26.00
252:57,423,418,73,28.80,26.00
252:57,424,418,72,28.80,26.00
252:57,423,417,73,28.80,26.00
252:57,423,417,73,28.80,26.00
252:57,423,417,76,28.80,26.00
252:57,422,418,75,28.80,26.00
252:57,422,417,73,28.80,26.00
252:57,423,419,73,28.70,26.00
252:57,423,417,76,28.70,26.00
252:57,423,417,75,28.70,26.00
252:57,422,417,73,28.70,26.00
252:57,423,417,72,28.70,26.00
252:57,422,413,73,28.70,26.00
252:57,423,418,73,28.70,26.00
252:57,422,411,73,28.70,26.00
252:57,423,417,72,28.70,26.00
252:57,422,416,73,28.70,26.00
252:57,423,413,74,28.70,26.00
252:57,422,418,74,28.70,26.00
252:57,422,418,72,28.70,26.00
252:57,422,418,71,28.70,26.00
252:57,422,418,74,28.70,26.00
252:57,422,417,74,28.70,26.00
252:57,423,417,73,28.70,26.00
252:57,422,417,75,28.70,26.00
252:57,422,415,75,28.70,26.00
252:57,422,412,74,28.70,26.00
252:57,422,418,73,28.70,26.00
252:57,422,415,76,28.70,26.00
252:57,422,418,76,28.70,26.00
252:57,422,417,73,28.70,26.00
252:57,422,416,74,28.70,26.00
252:57,422,417,72,28.70,26.00
252:57,421,416,75,28.70,26.00
252:57,422,416,74,28.70,26.00
252:57,422,418,74,28.80,26.00
252:57,422,418,75,28.80,26.00
252:57,422,418,75,28.80,26.00
252:57,422,417,75,28.80,26.00
252:57,422,417,74,28.70,26.00
252:57,421,417,75,28.70,26.00
252:57,420,417,72,28.70,26.00
252:57,421,417,70,28.70,26.00
252:57,421,417,74,28.70,25.00
252:57,420,418,75,28.70,25.00
252:57,421,418,75,28.70,25.00
252:57,421,418,74,28.70,25.00
252:57,421,418,75,28.80,25.00
252:57,421,416,75,28.80,25.00
252:57,421,418,72,28.80,25.00
252:57,421,413,76,28.80,25.00
252:57,421,416,69,28.70,25.00
252:57,421,417,72,28.70,25.00
252:57,421,417,76,28.70,25.00
252:57,422,417,74,28.70,25.00
252:57,421,417,74,28.70,24.00
252:57,422,418,76,28.70,24.00
252:57,421,418,75,28.70,24.00
252:57,421,418,76,28.70,24.00
252:57,421,418,73,28.70,24.00
252:57,420,418,75,28.70,24.00
252:57,420,418,73,28.70,24.00
252:57,421,417,73,28.70,24.00
252:57,421,415,73,28.80,24.00
252:57,420,417,74,28.80,24.00
252:57,421,416,75,28.80,24.00
252:57,420,417,74,28.80,24.00
252:57,420,417,73,28.80,24.00
252:57,420,417,74,28.80,24.00
252:57,420,418,74,28.80,24.00
252:57,420,417,75,28.80,24.00
252:57,420,417,73,28.80,24.00
252:57,420,417,76,28.80,24.00
252:57,420,419,76,28.80,24.00
252:57,421,417,75,28.80,24.00
252:57,420,416,75,28.70,25.00
252:57,420,417,74,28.70,25.00
252:57,420,417,70,28.70,25.00
252:57,420,418,74,28.70,25.00
252:57,420,417,75,28.70,25.00
252:57,420,419,75,28.70,25.00
252:57,419,417,76,28.70,25.00
252:57,421,418,74,28.70,25.00
252:57,419,417,75,28.70,25.00
252:57,421,417,75,28.70,25.00
252:57,420,417,75,28.70,25.00
252:57,420,417,70,28.70,25.00
252:57,420,418,73,28.70,25.00
252:57,420,418,75,28.70,25.00
252:57,420,414,75,28.70,25.00
252:57,420,416,74,28.70,25.00
252:57,419,418,74,28.80,25.00
252:57,419,414,75,28.80,25.00
252:57,419,417,70,28.80,25.00
252:57,420,416,75,28.80,25.00
252:57,419,414,72,28.70,25.00
252:57,419,415,74,28.70,25.00
252:57,419,417,76,28.70,25.00
252:57,419,418,74,28.70,25.00
252:57,416,417,70,28.70,25.00
252:57,410,413,75,28.70,25.00
252:57,416,418,74,28.70,25.00
252:57,413,417,75,28.70,25.00
252:57,412,417,72,28.70,25.00
252:57,416,416,74,28.70,25.00
252:57,418,417,72,28.70,25.00
252:57,419,418,75,28.70,25.00
252:57,419,417,74,28.70,25.00
252:57,419,418,75,28.70,25.00
252:57,419,417,75,28.70,25.00
252:57,419,418,74,28.70,25.00
252:57,419,417,74,28.70,25.00
252:57,419,418,76,28.70,25.00
252:57,419,417,75,28.70,25.00
252:57,420,417,69,28.70,25.00
252:57,418,418,76,28.70,25.00
252:57,420,411,75,28.70,25.00
252:57,419,416,76,28.70,25.00
252:57,419,418,74,28.70,25.00
252:57,420,417,72,28.70,25.00
252:57,420,412,74,28.70,25.00
252:57,419,419,74,28.70,25.00
252:57,419,419,74,28.70,25.00
252:57,420,411,73,28.70,25.00
252:57,419,417,76,28.70,25.00
252:57,419,417,75,28.70,25.00
252:57,418,418,74,28.70,25.00
252:57,419,418,76,28.90,25.00
252:57,419,418,76,28.90,25.00
252:57,420,418,75,28.90,25.00
252:57,419,417,72,28.90,25.00
252:57,419,417,73,28.80,25.00
252:57,419,413,74,28.80,25.00
252:57,418,418,75,28.80,25.00
252:57,418,413,75,28.80,25.00
252:57,419,417,74,28.70,26.00
252:57,419,417,75,28.70,26.00
252:57,419,415,72,28.70,26.00
252:57,418,416,76,28.70,26.00
252:57,418,418,72,28.70,26.00
252:57,419,416,75,28.70,26.00
252:57,418,419,75,28.70,26.00
252:57,418,416,72,28.70,26.00
252:57,418,416,72,28.70,26.00
252:57,419,418,75,28.70,26.00
252:57,419,417,73,28.70,26.00
252:57,418,417,68,28.70,26.00
252:57,418,416,72,28.70,26.00
252:57,419,417,73,28.70,26.00
252:57,418,417,74,28.70,26.00
252:57,418,417,74,28.70,26.00
252:57,419,417,72,28.80,26.00
252:57,418,417,73,28.80,26.00
252:57,418,418,75,28.80,26.00
252:57,419,417,73,28.80,26.00
252:57,418,414,73,28.80,26.00
252:57,418,417,76,28.80,26.00
252:57,418,417,73,28.80,26.00
252:57,417,417,68,28.80,26.00
252:57,418,417,72,28.70,26.00
252:57,417,418,72,28.70,26.00
252:57,418,417,73,28.70,26.00
252:57,418,417,72,28.70,26.00
252:57,417,410,73,28.70,26.00
252:57,418,418,74,28.70,26.00
252:57,418,417,73,28.70,26.00
252:57,417,417,73,28.70,26.00
252:57,418,417,73,28.70,26.00
252:57,418,412,74,28.70,26.00
252:57,417,418,73,28.70,26.00
252:57,417,418,75,28.70,26.00
252:57,417,418,70,28.70,26.00
252:57,417,418,75,28.70,26.00
252:57,418,418,74,28.70,26.00
252:57,417,416,76,28.70,26.00
252:57,417,417,72,28.80,26.00
252:57,417,418,74,28.80,26.00
252:57,417,417,73,28.80,26.00
252:57,417,413,73,28.80,26.00
252:57,418,418,73,28.70,26.00
252:57,417,417,73,28.70,26.00
252:57,417,417,72,28.70,26.00
252:57,417,416,73,28.70,26.00
252:57,417,417,76,28.70,26.00
252:57,416,417,74,28.70,26.00
252:57,417,417,74,28.70,26.00
252:57,417,416,74,28.70,26.00
252:57,417,418,76,28.70,26.00
252:57,417,418,74,28.70,26.00
252:57,416,416,75,28.70,26.00
252:57,417,417,74,28.70,26.00
252:57,416,417,73,28.70,26.00
252:57,416,418,73,28.70,26.00
252:57,416,416,76,28.70,26.00
252:57,416,417,74,28.70,26.00
252:57,416,412,72,28.70,26.00
252:57,413,417,75,28.70,26.00
252:57,412,418,75,28.70,26.00
252:57,409,415,72,28.70,26.00
252:57,408,417,74,28.70,26.00
252:57,410,416,74,28.70,26.00
252:57,410,418,72,28.70,26.00
252:57,409,415,73,28.70,26.00
252:57,411,413,73,28.80,26.00
252:57,415,417,75,28.80,26.00
252:57,415,418,75,28.80,26.00
252:57,414,417,73,28.80,26.00
252:57,416,417,74,28.70,26.00
252:57,416,417,75,28.70,26.00
252:57,415,417,74,28.70,26.00
252:57,416,417,73,28.70,26.00
252:57,416,414,74,28.70,26.00
252:57,416,419,76,28.70,26.00
252:57,415,418,71,28.70,26.00
252:57,416,418,74,28.70,26.00
252:57,416,417,73,28.70,26.00
252:57,415,417,71,28.70,26.00
252:57,415,417,75,28.70,26.00
252:57,415,417,73,28.70,26.00
252:57,415,417,74,28.70,26.00
252:57,415,412,75,28.70,26.00
252:57,415,417,76,28.70,26.00
252:57,415,417,75,28.70,26.00
252:57,414,416,73,28.70,26.00
252:57,414,414,74,28.70,26.00
252:57,414,418,75,28.70,26.00
252:57,415,412,73,28.70,26.00
252:57,415,417,74,28.70,26.00
252:57,414,418,73,28.70,26.00
252:57,415,417,74,28.70,26.00
252:57,414,417,73,28.70,26.00
252:57,414,417,73,28.70,26.00
252:57,414,415,75,28.70,26.00
252:57,415,415,75,28.70,26.00
252:57,414,417,74,28.70,26.00
252:57,414,417,73,28.70,26.00
252:57,414,417,72,28.70,26.00
252:57,414,418,74,28.70,26.00
252:57,415,417,76,28.70,26.00
252:57,414,416,73,28.70,26.00
252:57,414,418,75,28.70,26.00
252:57,414,417,72,28.70,26.00
252:57,414,417,73,28.70,26.00
252:57,414,418,73,28.70,27.00
252:57,414,412,75,28.70,27.00
252:57,414,417,75,28.70,27.00
252:57,414,416,74,28.70,27.00
252:57,413,416,72,28.70,27.00
252:57,415,417,74,28.70,27.00
252:57,414,417,75,28.70,27.00
252:57,414,413,72,28.70,27.00
252:57,414,417,70,28.70,27.00
252:57,414,417,73,28.70,27.00
252:57,414,417,73,28.70,27.00
252:57,414,416,74,28.70,27.00
252:57,413,416,73,28.70,27.00
252:57,414,417,76,28.70,27.00
252:57,414,417,74,28.70,27.00
252:57,414,416,73,28.70,27.00
252:57,413,416,76,28.70,27.00
252:57,412,417,68,28.70,27.00
252:57,414,417,75,28.70,27.00
252:57,413,417,76,28.70,27.00
252:57,413,416,72,28.70,26.00
252:57,413,417,72,28.70,26.00
252:57,412,418,74,28.70,26.00
252:57,413,416,73,28.70,26.00
252:57,413,415,72,28.70,26.00
252:57,412,416,74,28.70,26.00
252:57,414,412,74,28.70,26.00
252:57,413,417,72,28.70,26.00
252:57,413,418,74,28.70,26.00
252:57,413,412,73,28.70,26.00
252:57,413,416,74,28.70,26.00
252:57,413,417,73,28.70,26.00
252:57,412,417,73,28.70,26.00
252:57,413,417,74,28.70,26.00
252:57,413,412,72,28.70,26.00
252:57,413,417,71,28.70,26.00
252:57,414,415,72,28.70,26.00
252:57,413,418,73,28.70,26.00
252:57,413,416,73,28.70,26.00
252:57,413,417,74,28.70,26.00
252:57,413,417,72,28.70,26.00
252:57,413,416,73,28.70,26.00
252:57,413,417,72,28.70,26.00
252:57,413,417,73,28.70,26.00
252:57,412,418,72,28.80,26.00
252:57,413,418,74,28.80,26.00
252:57,412,417,73,28.80,26.00
252:57,412,417,74,28.80,26.00
252:57,413,417,74,28.70,26.00
252:57,412,417,72,28.70,26.00
252:57,412,417,68,28.70,26.00
252:57,412,417,74,28.70,26.00
252:57,411,416,73,28.70,26.00
252:57,413,417,74,28.70,26.00
252:57,412,416,72,28.70,26.00
252:57,412,418,72,28.70,26.00
252:57,413,417,73,28.70,26.00
252:57,412,415,73,28.70,26.00
252:57,411,418,73,28.70,26.00
252:57,412,416,73,28.70,26.00
252:57,412,416,72,28.70,26.00
252:57,412,418,73,28.70,26.00
252:57,412,418,73,28.70,26.00
252:57,412,417,72,28.70,26.00
252:57,412,415,71,28.70,27.00
252:57,412,417,76,28.70,27.00
252:57,412,417,73,28.70,27.00
252:57,412,410,72,28.70,27.00
252:57,413,416,72,28.70,27.00
252:57,412,416,72,28.70,27.00
252:57,412,417,74,28.70,27.00
252:57,412,417,74,28.70,27.00
252:57,412,416,72,28.70,27.00
252:57,411,417,72,28.70,27.00
252:57,412,416,73,28.70,27.00
252:57,412,416,72,28.70,27.00
252:57,412,417,72,28.70,27.00
252:57,413,412,70,28.70,27.00
252:57,412,413,75,28.70,27.00
252:57,412,412,72,28.70,27.00
252:57,411,417,73,28.70,27.00
252:57,412,416,76,28.70,27.00
252:57,412,410,74,28.70,27.00
252:57,412,417,68,28.70,27.00
252:57,411,416,72,28.70,26.00
252:57,412,418,68,28.70,26.00
252:57,412,418,73,28.70,26.00
252:57,412,417,74,28.70,26.00
252:57,412,417,73,28.70,26.00
252:57,412,417,73,28.70,26.00
252:57,411,417,73,28.70,26.00
252:57,411,417,73,28.70,26.00
252:57,411,417,72,28.70,27.00
252:57,411,417,70,28.70,27.00
252:57,411,418,73,28.70,27.00
252:57,412,417,73,28.70,27.00
252:57,412,416,73,28.70,26.00
252:57,411,416,68,28.70,26.00
252:57,411,417,73,28.70,26.00
252:57,411,416,72,28.70,26.00
252:57,411,417,74,28.70,26.00
252:57,411,417,73,28.70,26.00
252:57,411,417,73,28.70,26.00
252:57,411,411,73,28.70,26.00
252:57,412,417,68,28.70,26.00
252:57,411,418,73,28.70,26.00
252:57,411,418,73,28.70,26.00
252:57,411,418,76,28.70,26.00
252:57,411,417,73,28.70,26.00
252:57,411,417,74,28.70,26.00
252:57,411,417,74,28.70,26.00
252:57,411,417,76,28.70,26.00
252:57,411,417,72,28.70,26.00
252:57,411,414,73,28.70,26.00
252:57,411,417,73,28.70,26.00
252:57,410,417,73,28.70,26.00
252:57,410,418,74,28.70,26.00
252:57,411,416,73,28.70,26.00
252:57,411,416,74,28.70,26.00
252:57,410,417,72,28.70,26.00
252:57,410,416,72,28.70,26.00
252:57,411,418,72,28.70,26.00
252:57,410,417,73,28.70,26.00
252:57,411,417,72,28.70,26.00
252:57,410,417,72,28.70,26.00
252:57,410,412,73,28.70,26.00
252:57,410,417,76,28.70,26.00
252:57,410,416,73,28.70,26.00
252:57,410,417,72,28.70,26.00
252:57,410,417,73,28.70,26.00
252:57,409,417,71,28.70,26.00
252:57,410,416,72,28.70,26.00
252:57,409,417,72,28.70,26.00
252:57,411,415,72,28.70,26.00
252:57,410,416,72,28.70,26.00
252:57,410,416,72,28.70,26.00
252:57,410,417,71,28.70,26.00
252:57,409,414,72,28.70,26.00
252:57,410,414,73,28.70,26.00
252:57,409,413,72,28.70,26.00
252:57,408,416,70,28.70,26.00
252:57,410,415,72,28.70,26.00
252:57,409,414,73,28.70,26.00
252:57,409,414,74,28.70,26.00
252:57,409,417,73,28.70,26.00
252:57,410,418,74,28.70,26.00
252:57,408,412,74,28.70,26.00
252:57,409,417,73,28.70,26.00
252:57,409,418,72,28.70,26.00
252:57,409,418,72,28.70,26.00
252:57,409,417,73,28.70,26.00
252:57,410,416,74,28.70,26.00
252:57,409,414,72,28.70,26.00
252:57,408,418,73,28.70,26.00
252:57,407,419,73,28.70,26.00
252:57,405,418,73,28.70,26.00
252:57,400,417,71,28.70,26.00
252:57,402,417,73,28.70,26.00
252:57,404,416,72,28.70,26.00
252:57,403,416,70,28.70,26.00
252:57,405,416,71,28.70,27.00
252:57,407,416,74,28.70,27.00
252:57,408,415,72,28.70,27.00
252:57,409,417,72,28.70,27.00
252:57,408,417,67,28.70,27.00
252:57,407,416,72,28.70,27.00
252:57,407,414,72,28.70,27.00
252:57,407,417,71,28.70,27.00
252:57,407,416,66,28.70,27.00
252:57,407,417,71,28.70,27.00
252:57,402,417,73,28.70,27.00
252:57,395,416,70,28.70,27.00
252:57,391,413,68,28.70,27.00
252:57,404,416,71,28.70,27.00
252:57,401,417,74,28.70,27.00
252:57,407,418,72,28.70,27.00
252:57,408,416,70,28.70,27.00
252:57,408,416,67,28.70,27.00
252:57,409,417,67,28.70,27.00
252:57,408,412,72,28.70,27.00
252:57,408,417,71,28.70,27.00
252:57,408,416,72,28.70,27.00
252:57,408,417,72,28.70,27.00
252:57,408,416,72,28.70,27.00
252:57,408,416,70,28.70,27.00
252:57,409,412,70,28.70,27.00
252:57,408,416,71,28.70,27.00
252:57,408,416,71,28.70,27.00
252:57,409,416,72,28.70,27.00
252:57,408,416,74,28.70,27.00
252:57,409,417,72,28.70,27.00
252:57,409,416,71,28.70,27.00
252:57,408,418,67,28.70,27.00
252:57,408,418,72,28.70,27.00
252:57,408,418,73,28.70,27.00
252:57,408,415,72,28.70,27.00
252:57,408,416,70,28.70,26.00
252:57,408,416,72,28.70,26.00
252:57,408,417,74,28.70,26.00
252:57,408,416,71,28.70,26.00
252:57,408,416,71,28.70,26.00
252:57,408,410,72,28.70,26.00
252:57,408,417,72,28.70,26.00
252:57,408,416,72,28.70,26.00
252:57,408,413,71,28.70,25.00
252:57,408,417,72,28.70,25.00
252:57,407,416,72,28.70,25.00
252:57,407,419,72,28.70,25.00
252:57,407,414,72,28.70,25.00
252:57,407,417,72,28.70,25.00
252:57,407,418,72,28.70,25.00
252:57,407,416,71,28.70,25.00
252:57,407,416,71,28.70,25.00
252:57,407,416,70,28.70,25.00
252:57,407,417,72,28.70,25.00
252:57,407,417,73,28.70,25.00
252:57,407,417,71,28.70,25.00
252:57,407,417,73,28.70,25.00
252:57,407,416,72,28.70,25.00
252:57,406,416,72,28.70,25.00
252:57,407,416,70,28.70,25.00
252:57,407,417,73,28.70,25.00
252:57,407,417,72,28.70,25.00
252:57,407,416,71,28.70,25.00
252:57,407,417,71,28.70,25.00
252:57,407,417,72,28.70,25.00
252:57,407,417,72,28.70,25.00
252:57,407,418,74,28.70,25.00
252:57,407,417,71,28.70,25.00
252:57,407,417,72,28.70,25.00
252:57,408,411,73,28.70,25.00
252:57,407,418,71,28.70,25.00
252:57,407,417,71,28.70,25.00
252:57,407,417,72,28.70,25.00
252:57,407,412,74,28.70,25.00
252:57,407,416,71,28.70,25.00
252:57,406,414,71,28.70,25.00
252:57,406,416,73,28.70,25.00
252:57,406,415,72,28.70,25.00
252:57,406,411,71,28.70,25.00
252:57,406,416,71,28.70,25.00
252:57,406,416,71,28.70,25.00
252:57,407,417,73,28.70,25.00
252:57,406,416,73,28.70,25.00
252:57,407,414,71,28.70,25.00
252:57,406,416,71,28.70,25.00
252:57,406,416,72,28.70,25.00
252:57,406,416,68,28.70,25.00
252:57,406,411,70,28.70,25.00
252:57,406,416,73,28.70,25.00
252:57,406,417,68,28.70,25.00
252:57,406,417,71,28.70,25.00
252:57,406,412,70,28.70,25.00
252:57,406,417,68,28.70,25.00
252:57,405,417,76,28.70,25.00
252:57,406,416,70,28.70,25.00
252:57,406,417,72,28.70,25.00
252:57,405,417,72,28.70,25.00
252:57,406,416,72,28.70,25.00
252:57,406,417,76,28.70,25.00
252:57,406,418,66,28.70,25.00
252:57,406,417,76,28.70,25.00
252:57,406,417,74,28.70,25.00
252:57,406,416,70,28.70,25.00
252:57,406,418,65,28.70,25.00
252:57,406,417,72,28.70,25.00
252:57,405,417,74,28.70,25.00
252:57,405,416,71,28.70,25.00
252:57,406,415,71,28.70,25.00
252:57,406,417,72,28.70,25.00
252:57,406,417,74,28.70,25.00
252:57,406,416,72,28.70,25.00
252:57,405,417,71,28.70,25.00
252:57,406,418,73,28.70,25.00
252:57,404,416,72,28.70,25.00
252:57,406,416,71,28.70,25.00
252:57,405,416,71,28.70,25.00
252:57,405,416,72,28.70,25.00
252:57,405,417,72,28.70,25.00
252:57,405,416,70,28.70,25.00
252:57,405,415,70,28.70,25.00
252:57,406,417,72,28.70,25.00
252:57,405,417,73,28.70,25.00
252:57,405,417,71,28.70,25.00
252:57,405,416,70,28.60,26.00
252:57,405,416,71,28.60,26.00
252:57,405,416,74,28.60,26.00
252:57,404,416,66,28.60,26.00
252:57,406,416,71,28.70,26.00
252:57,406,416,71,28.70,26.00
252:57,407,418,73,28.70,26.00
252:57,406,414,72,28.70,26.00
252:57,405,417,71,28.70,26.00
252:57,406,416,72,28.70,26.00
252:57,406,416,72,28.70,26.00
252:57,404,415,73,28.70,26.00
252:57,405,416,71,28.70,26.00
252:57,406,416,72,28.70,26.00
252:57,405,416,73,28.70,26.00
252:57,405,417,71,28.70,26.00
252:57,406,418,70,28.70,26.00
252:57,405,417,72,28.70,26.00
252:57,406,416,72,28.70,26.00
252:57,406,416,71,28.70,26.00
252:57,406,417,66,28.70,26.00
252:57,406,417,73,28.70,26.00
252:57,404,416,72,28.70,26.00
252:57,405,416,71,28.70,26.00
252:57,405,417,72,28.70,26.00
252:57,405,416,72,28.70,26.00
252:57,405,416,72,28.70,26.00
252:57,405,416,72,28.70,26.00
252:57,403,417,71,28.70,26.00
252:57,402,418,71,28.70,26.00
252:57,388,415,73,28.70,26.00
252:57,397,417,72,28.70,26.00
252:57,397,416,70,28.70,26.00
252:57,400,412,72,28.70,26.00
252:57,398,417,71,28.70,26.00
252:57,394,416,69,28.70,26.00
252:57,396,416,68,28.70,26.00
252:57,399,416,70,28.70,26.00
252:57,399,415,71,28.70,26.00
252:57,399,410,72,28.70,26.00
252:57,395,416,69,28.70,26.00
252:57,395,418,65,28.70,26.00
252:57,397,417,70,28.70,26.00
252:57,399,417,70,28.70,26.00
252:57,400,415,69,28.70,26.00
252:57,403,417,71,28.70,26.00
252:57,406,417,70,28.70,26.00
252:57,404,416,70,28.70,26.00
252:57,404,416,70,28.70,26.00
252:57,402,418,65,28.70,26.00
252:57,401,416,66,28.70,26.00
252:57,399,417,69,28.70,26.00
252:57,400,417,69,28.70,26.00
252:57,398,416,70,28.70,26.00
252:57,397,414,69,28.70,26.00
252:57,397,415,68,28.70,26.00
252:57,398,417,69,28.70,26.00
252:57,398,416,66,28.70,26.00
252:57,400,417,70,28.70,26.00
252:57,401,416,70,28.70,26.00
252:57,401,416,69,28.70,26.00
252:57,400,412,71,28.70,26.00
252:57,400,415,69,28.70,26.00
252:57,402,416,71,28.70,26.00
252:57,404,416,69,28.70,25.00
252:57,403,416,70,28.70,25.00
252:57,405,417,68,28.70,25.00
252:57,404,416,69,28.70,25.00
252:57,403,416,70,28.70,25.00
252:57,404,416,70,28.70,25.00
252:57,404,416,66,28.70,25.00
252:57,404,416,68,28.70,25.00
252:57,404,412,69,28.70,25.00
252:57,404,416,71,28.70,25.00
252:57,404,416,70,28.70,25.00
252:57,404,417,71,28.70,25.00
252:57,404,418,70,28.70,25.00
252:57,404,416,65,28.70,25.00
252:57,403,416,70,28.70,25.00
252:57,403,416,69,28.70,25.00
252:57,404,416,69,28.70,25.00
252:57,404,410,69,28.70,25.00
252:57,404,416,72,28.70,25.00
252:57,404,417,70,28.70,25.00
252:57,404,410,68,28.70,25.00
252:57,404,416,71,28.70,25.00
252:57,404,416,71,28.70,25.00
252:57,404,417,72,28.70,25.00
252:57,404,416,68,28.70,25.00
252:57,402,416,71,28.70,25.00
252:57,403,416,71,28.70,25.00
252:57,403,412,69,28.70,25.00
252:57,404,416,70,28.70,26.00
252:57,404,416,71,28.70,26.00
252:57,403,416,69,28.70,26.00
252:57,404,416,70,28.70,26.00
252:57,404,416,72,28.70,26.00
252:57,403,416,70,28.70,26.00
252:57,404,410,70,28.70,26.00
252:57,404,411,71,28.70,26.00
252:57,404,417,69,28.70,26.00
252:57,404,417,71,28.70,26.00
252:57,404,416,69,28.70,26.00
252:57,404,416,69,28.70,26.00
252:57,404,415,70,28.70,26.00
252:57,403,416,68,28.70,26.00
252:57,403,416,70,28.70,26.00
252:57,404,417,71,28.70,26.00
252:57,404,416,66,28.70,26.00
252:57,404,415,70,28.70,26.00
252:57,404,416,70,28.70,26.00
252:57,404,416,71,28.70,26.00
252:57,404,416,70,28.70,26.00
252:57,403,417,70,28.70,26.00
252:57,403,415,70,28.70,26.00
252:57,403,416,70,28.70,26.00
252:57,404,416,63,28.70,26.00
252:57,403,416,69,28.70,26.00
252:57,404,416,72,28.70,26.00
252:57,404,415,70,28.70,26.00
252:57,403,417,70,28.70,26.00
252:57,404,417,71,28.70,26.00
252:57,403,417,71,28.70,26.00
252:57,404,416,69,28.70,26.00
252:57,403,416,69,28.70,26.00
252:57,404,417,71,28.70,26.00
252:57,403,417,70,28.70,26.00
252:57,404,415,69,28.70,26.00
252:57,403,414,72,28.60,26.00
252:57,404,416,66,28.60,26.00
252:57,404,416,68,28.60,26.00
252:57,404,416,69,28.60,26.00
252:57,404,416,72,28.70,25.00
252:57,404,416,70,28.70,25.00
252:57,404,417,69,28.70,25.00
252:57,404,416,69,28.70,25.00
252:57,404,410,70,28.70,25.00
252:57,404,416,71,28.70,25.00
252:57,404,417,72,28.70,25.00
252:57,404,417,69,28.70,25.00
252:57,404,416,69,28.70,25.00
252:57,404,415,71,28.70,25.00
252:57,404,413,70,28.70,25.00
252:57,404,416,69,28.70,25.00
252:57,404,416,70,28.70,25.00
252:57,404,417,69,28.70,25.00
252:57,404,414,71,28.70,25.00
252:57,404,416,69,28.70,25.00
252:57,405,414,68,28.70,25.00
252:57,403,416,69,28.70,25.00
252:57,404,416,70,28.70,25.00
252:57,404,416,69,28.70,25.00
252:57,404,413,72,28.70,25.00
252:57,404,417,71,28.70,25.00
252:57,403,416,69,28.70,25.00
252:57,403,416,69,28.70,25.00
252:57,403,416,70,28.70,25.00
252:57,403,418,70,28.70,25.00
252:57,402,415,70,28.70,25.00
252:57,402,416,70,28.70,25.00
252:57,402,416,69,28.70,25.00
252:57,401,417,68,28.70,25.00
252:57,401,417,69,28.70,25.00
252:57,401,417,70,28.70,25.00
252:57,399,417,66,28.70,25.00
252:57,398,411,69,28.70,25.00
252:57,363,416,71,28.70,25.00
252:57,352,416,69,28.70,25.00
252:57,381,415,69,28.70,25.00
252:57,396,415,69,28.70,25.00
252:57,399,414,69,28.70,25.00
252:57,398,416,68,28.70,25.00
252:57,399,415,68,28.70,25.00
252:57,401,416,69,28.70,25.00
252:57,402,417,71,28.70,25.00
252:57,402,415,69,28.70,25.00
252:57,403,417,69,28.70,25.00
252:57,403,416,69,28.70,25.00
252:57,403,414,72,28.70,25.00
252:57,404,417,70,28.70,25.00
252:57,403,416,70,28.70,25.00
252:57,403,416,69,28.70,25.00
252:57,403,416,69,28.70,25.00
252:57,403,416,68,28.70,25.00
252:57,403,415,68,28.70,25.00
252:57,403,416,70,28.70,25.00
252:57,403,411,69,28.70,25.00
252:57,403,415,66,28.70,25.00
252:57,403,416,66,28.70,25.00
252:57,404,417,70,28.70,25.00
252:57,403,416,70,28.70,25.00
252:57,403,418,70,28.70,25.00
252:57,403,416,69,28.70,25.00
252:57,403,416,69,28.70,25.00
252:57,403,416,70,28.70,25.00
252:57,402,416,69,28.70,25.00
252:57,403,416,69,28.70,25.00
252:57,403,417,70,28.70,25.00
252:57,403,417,70,28.70,25.00
252:57,403,416,68,28.70,25.00
252:57,402,417,69,28.70,25.00
252:57,403,416,72,28.70,25.00
252:57,402,416,71,28.70,25.00
252:57,403,416,69,28.70,25.00
252:57,402,412,68,28.70,26.00
252:57,403,417,71,28.70,26.00
252:57,403,415,70,28.70,26.00
252:57,401,416,72,28.70,26.00
252:57,403,416,70,28.70,26.00
252:57,402,416,65,28.70,26.00
252:57,402,416,72,28.70,26.00
252:57,401,417,71,28.70,26.00
252:57,402,416,69,28.70,26.00
252:57,401,417,70,28.70,26.00
252:57,402,416,71,28.70,26.00
252:57,402,416,71,28.70,26.00
252:57,402,416,70,28.70,26.00
252:57,402,416,70,28.70,26.00
252:57,402,416,71,28.70,26.00
252:57,402,417,71,28.70,26.00
252:57,401,417,70,28.70,26.00
252:57,402,417,70,28.70,26.00
252:57,403,416,69,28.70,26.00
252:57,402,418,71,28.70,26.00
252:57,402,416,70,28.70,26.00
252:57,402,416,71,28.70,26.00
252:57,402,416,70,28.70,26.00
252:57,402,417,70,28.70,26.00
252:57,401,416,70,28.80,26.00
252:57,402,412,70,28.80,26.00
252:57,402,416,70,28.80,26.00
252:57,402,412,70,28.80,26.00
252:57,402,416,70,28.70,26.00
252:57,402,416,70,28.70,26.00
252:57,402,416,71,28.70,26.00
252:57,402,416,71,28.70,26.00
252:57,402,417,69,28.70,26.00
252:57,402,416,69,28.70,26.00
252:57,401,416,71,28.70,26.00
252:57,402,415,71,28.70,26.00
252:57,402,417,71,28.70,26.00
252:57,401,416,70,28.70,26.00
252:57,400,414,70,28.70,26.00
252:57,401,412,67,28.70,26.00
252:57,401,416,69,28.70,26.00
252:57,401,416,71,28.70,26.00
252:57,400,417,70,28.70,26.00
252:57,401,417,70,28.70,26.00
252:57,401,415,69,28.60,26.00
252:57,401,413,70,28.60,26.00
252:57,401,417,72,28.60,26.00
252:57,401,416,69,28.60,26.00
252:57,401,412,69,28.70,26.00
252:57,401,416,71,28.70,26.00
252:57,401,416,70,28.70,26.00
252:57,401,417,66,28.70,26.00
252:57,402,417,65,28.70,26.00
252:57,401,416,71,28.70,26.00
252:57,401,416,71,28.70,26.00
252:57,401,416,69,28.70,26.00
252:57,401,417,69,28.70,26.00
252:57,401,416,71,28.70,26.00
252:57,402,416,70,28.70,26.00
252:57,401,416,70,28.70,26.00
252:57,401,416,69,28.70,26.00
252:57,401,416,71,28.70,26.00
252:57,401,415,70,28.70,26.00
252:57,401,416,69,28.70,26.00
252:57,401,417,69,28.70,26.00
252:57,401,416,71,28.70,26.00
252:57,400,416,70,28.70,26.00
252:57,400,415,69,28.70,26.00
252:57,400,418,72,28.70,26.00
252:57,400,416,71,28.70,26.00
252:57,399,415,70,28.70,26.00
252:57,402,416,70,28.70,26.00
252:57,401,416,69,28.70,26.00
252:57,401,417,68,28.70,26.00
252:57,400,416,72,28.70,26.00
252:57,399,412,71,28.70,26.00
252:57,400,417,68,28.70,26.00
252:57,400,417,72,28.70,26.00
252:57,400,416,70,28.70,26.00
252:57,400,415,70,28.70,26.00
252:57,400,416,70,28.70,27.00
252:57,401,414,72,28.70,27.00
252:57,400,413,71,28.70,27.00
252:57,400,415,69,28.70,27.00
252:57,400,416,69,28.70,27.00
252:57,400,416,71,28.70,27.00
252:57,400,417,71,28.70,27.00
252:57,400,415,69,28.70,27.00
252:57,399,417,66,28.70,27.00
252:57,400,416,69,28.70,27.00
252:57,400,415,71,28.70,27.00
252:57,399,414,68,28.70,27.00
252:57,399,416,69,28.70,27.00
252:57,400,416,70,28.70,27.00
252:57,400,416,70,28.70,27.00
252:57,400,415,69,28.70,27.00
252:57,400,416,69,28.70,27.00
252:57,400,412,70,28.70,27.00
252:57,400,416,70,28.70,27.00
252:57,400,416,70,28.70,27.00
252:57,398,414,69,28.70,27.00
252:57,399,416,70,28.70,27.00
252:57,399,416,71,28.70,27.00
252:57,399,416,69,28.70,27.00
252:57,399,416,70,28.80,27.00
252:57,399,413,70,28.80,27.00
252:57,399,416,70,28.80,27.00
252:57,399,416,70,28.80,27.00
252:57,400,415,70,28.80,27.00
252:57,399,416,66,28.80,27.00
252:57,399,416,71,28.80,27.00
252:57,399,417,70,28.80,27.00
252:57,399,416,70,28.70,27.00
252:57,399,410,68,28.70,27.00
252:57,398,416,70,28.70,27.00
252:57,398,416,68,28.70,27.00
252:57,399,416,72,28.80,27.00
252:57,399,417,71,28.80,27.00
252:57,399,416,72,28.80,27.00
252:57,399,415,70,28.80,27.00
252:57,399,415,69,28.70,27.00
252:57,399,411,66,28.70,27.00
252:57,399,416,70,28.70,27.00
252:57,399,417,69,28.70,27.00
252:57,399,411,68,28.70,27.00
252:57,399,415,68,28.70,27.00
252:57,399,415,63,28.70,27.00
252:57,399,416,67,28.70,27.00
252:57,398,416,67,28.70,27.00
252:57,399,416,68,28.70,27.00
252:57,399,416,68,28.70,27.00
252:57,397,416,67,28.70,27.00
252:57,398,416,66,28.70,27.00
252:57,398,416,70,28.70,27.00
252:57,399,417,69,28.70,27.00
252:57,398,414,63,28.70,27.00
252:57,399,416,67,28.70,27.00
252:57,398,416,70,28.70,27.00
252:57,398,416,69,28.70,27.00
252:57,398,410,66,28.70,27.00
252:57,398,416,66,28.70,26.00
252:57,398,412,69,28.70,26.00
252:57,398,416,68,28.70,26.00
252:57,399,415,65,28.70,26.00
252:57,399,415,66,28.80,26.00
252:57,398,415,68,28.80,26.00
252:57,398,415,68,28.80,26.00
252:57,399,417,67,28.80,26.00
252:57,398,410,68,28.70,26.00
252:57,398,416,72,28.70,26.00
252:57,397,414,68,28.70,26.00
252:57,398,411,68,28.70,26.00
252:57,398,415,68,28.70,26.00
252:57,398,416,65,28.70,26.00
252:57,398,416,68,28.70,26.00
252:57,398,416,64,28.70,26.00
252:57,398,415,67,28.70,26.00
252:57,398,418,68,28.70,26.00
252:57,398,415,66,28.70,26.00
252:57,398,415,67,28.70,26.00
252:57,397,416,68,28.80,26.00
252:57,398,416,68,28.80,26.00
252:57,396,416,70,28.80,26.00
252:57,398,415,67,28.80,26.00
252:57,396,411,67,28.80,26.00
252:57,398,416,68,28.80,26.00
252:57,397,416,70,28.80,26.00
252:57,397,416,67,28.80,26.00
252:57,397,416,72,28.70,26.00
252:57,397,416,68,28.70,26.00
252:57,396,414,68,28.70,26.00
252:57,397,415,67,28.70,26.00
252:57,397,415,66,28.70,26.00
252:57,398,413,68,28.70,26.00
252:57,398,414,65,28.70,26.00
252:57,398,415,64,28.70,26.00
252:57,398,416,68,28.70,26.00
252:57,397,416,67,28.70,26.00
252:57,396,416,68,28.70,26.00
252:57,397,415,67,28.70,26.00
252:57,397,416,67,28.70,25.00
252:57,398,416,68,28.70,25.00
252:57,397,416,67,28.70,25.00
252:57,397,415,67,28.70,25.00
252:57,397,415,69,28.70,25.00
252:57,398,416,70,28.70,25.00
252:57,398,415,69,28.70,25.00
252:57,396,416,68,28.70,25.00
252:57,397,418,76,28.70,25.00
252:57,396,418,84,28.70,25.00
252:57,397,419,87,28.70,25.00
252:57,396,417,84,28.70,25.00
252:57,397,417,83,28.70,25.00
252:57,396,414,81,28.70,25.00
252:57,397,417,84,28.70,25.00
252:57,397,416,83,28.70,25.00
252:57,397,417,81,28.70,25.00
252:57,396,418,84,28.70,25.00
252:57,397,418,84,28.70,25.00
252:57,396,417,83,28.70,25.00
252:57,396,417,82,28.70,25.00
252:57,397,419,84,28.70,25.00
252:57,396,418,84,28.70,25.00
252:57,396,417,82,28.70,25.00
252:57,396,417,82,28.70,26.00
252:57,395,417,81,28.70,26.00
252:57,396,418,84,28.70,26.00
252:57,397,418,83,28.70,26.00
252:57,396,418,81,28.70,26.00
252:57,396,418,83,28.70,26.00
252:57,396,418,84,28.70,26.00
252:57,397,417,83,28.70,26.00
252:57,397,418,82,28.70,26.00
252:57,396,418,84,28.70,26.00
252:57,396,412,81,28.70,26.00
252:57,396,418,80,28.70,26.00
252:57,397,413,77,28.70,26.00
252:57,396,418,84,28.70,26.00
252:57,396,417,80,28.70,26.00
252:57,396,417,83,28.70,26.00
252:57,395,417,81,28.80,26.00
252:57,396,413,79,28.80,26.00
252:57,396,418,83,28.80,26.00
252:57,396,417,81,28.80,26.00
252:57,396,417,82,28.80,26.00
252:57,396,417,83,28.80,26.00
252:57,396,418,83,28.80,26.00
252:57,396,417,84,28.80,26.00
252:57,396,417,82,28.70,26.00
252:57,395,417,83,28.70,26.00
252:57,396,417,84,28.70,26.00
252:57,395,417,84,28.70,26.00
252:57,396,418,80,28.70,26.00
252:57,395,418,84,28.70,26.00
252:57,395,418,84,28.70,26.00
252:57,395,417,84,28.70,26.00
252:57,395,418,83,28.70,26.00
252:57,394,413,81,28.70,26.00
252:57,395,418,83,28.70,26.00
252:57,395,418,84,28.70,26.00
252:57,395,417,84,28.70,26.00
252:57,394,418,84,28.70,26.00
252:57,395,417,83,28.70,26.00
252:57,396,418,83,28.70,26.00
252:57,395,417,80,28.70,26.00
252:57,395,418,84,28.70,26.00
252:57,395,418,80,28.70,26.00
252:57,395,417,82,28.70,26.00
252:57,394,417,82,28.70,26.00
252:57,395,417,82,28.70,26.00
252:57,395,418,81,28.70,26.00
252:57,394,417,83,28.70,26.00
252:57,395,416,81,28.70,26.00
252:57,395,418,81,28.70,26.00
252:57,396,417,84,28.70,26.00
252:57,395,417,83,28.70,26.00
252:57,395,417,82,28.70,26.00
252:57,395,418,83,28.70,26.00
252:57,395,418,78,28.70,26.00
252:57,395,417,83,28.70,26.00
252:57,394,417,84,28.70,26.00
252:57,395,417,84,28.70,26.00
252:57,395,418,84,28.70,26.00
252:57,393,414,84,28.70,26.00
252:57,393,417,82,28.70,26.00
252:57,394,418,84,28.70,26.00
252:57,394,412,83,28.70,26.00
252:57,394,418,83,28.70,26.00
252:57,395,418,82,28.70,26.00
252:57,395,418,83,28.70,26.00
252:57,394,417,84,28.70,26.00
252:57,394,417,84,28.70,26.00
252:57,394,417,81,28.80,27.00
252:57,394,417,78,28.80,27.00
252:57,394,418,84,28.80,27.00
252:57,393,417,83,28.80,27.00
252:57,394,417,81,28.80,27.00
252:57,393,417,83,28.80,27.00
252:57,394,418,84,28.80,27.00
252:57,392,415,84,28.80,27.00
252:57,394,411,82,28.70,27.00
252:57,394,418,84,28.70,27.00
252:57,394,418,84,28.70,27.00
252:57,394,418,83,28.70,27.00
252:57,394,417,83,28.80,27.00
252:57,393,412,79,28.80,27.00
252:57,392,412,84,28.80,27.00
252:57,393,417,83,28.80,27.00
252:57,393,418,84,28.70,28.00
252:57,393,418,83,28.70,28.00
252:57,392,417,83,28.70,28.00
252:57,393,416,84,28.70,28.00
252:57,393,417,82,28.70,28.00
252:57,393,418,84,28.70,28.00
252:57,393,416,78,28.70,28.00
252:57,393,417,80,28.70,28.00
252:57,393,417,81,28.70,28.00
252:57,393,418,84,28.70,28.00
252:57,393,416,81,28.70,28.00
252:57,394,417,80,28.70,28.00
252:57,393,412,83,28.70,27.00
252:57,393,418,81,28.70,27.00
252:57,392,418,84,28.70,27.00
252:57,392,416,81,28.70,27.00
252:57,392,417,80,28.90,27.00
252:57,391,417,83,28.90,27.00
252:57,389,417,83,28.90,27.00
252:57,386,418,83,28.90,27.00
252:57,390,418,82,28.70,27.00
252:57,390,417,83,28.70,27.00
252:57,390,418,82,28.70,27.00
252:57,392,417,82,28.70,27.00
252:57,392,416,80,28.80,27.00
252:57,392,412,81,28.80,27.00
252:57,391,412,84,28.80,27.00
252:57,393,417,83,28.80,27.00
252:57,393,418,81,28.70,27.00
252:57,391,416,83,28.70,27.00
252:57,393,417,88,28.70,27.00
252:57,393,417,83,28.70,27.00
252:57,393,416,79,28.80,27.00
252:57,393,418,83,28.80,27.00
252:57,393,417,83,28.80,27.00
252:57,392,417,83,28.80,27.00
252:57,392,417,78,28.70,27.00
252:57,393,418,84,28.70,27.00
252:57,392,418,83,28.70,27.00
252:57,392,417,81,28.70,27.00
252:57,392,417,82,28.70,27.00
252:57,392,418,84,28.70,27.00
252:57,392,416,80,28.70,27.00
252:57,392,418,83,28.70,27.00
252:57,392,417,81,28.70,27.00
252:57,392,418,84,28.70,27.00
252:57,393,417,83,28.70,27.00
252:57,392,417,83,28.70,27.00
252:57,392,416,81,28.70,28.00
252:57,392,415,80,28.70,28.00
252:57,392,412,80,28.70,28.00
252:57,392,417,80,28.70,28.00
252:57,392,418,83,28.70,27.00
252:57,391,417,83,28.70,27.00
252:57,393,418,83,28.70,27.00
252:57,390,417,83,28.70,27.00
252:57,392,416,77,28.70,28.00
252:57,391,417,80,28.70,28.00
252:57,392,417,83,28.70,28.00
252:57,391,417,80,28.70,28.00
252:57,392,418,82,28.90,28.00
252:57,391,416,84,28.90,28.00
252:57,392,412,80,28.90,28.00
252:57,391,417,84,28.90,28.00
252:57,392,417,82,28.70,27.00
252:57,392,417,83,28.70,27.00
252:57,391,417,84,28.70,27.00
252:57,391,417,82,28.70,27.00
252:57,391,416,81,28.70,28.00
252:57,392,418,80,28.70,28.00
252:57,390,417,83,28.70,28.00
252:57,392,417,83,28.70,28.00
252:57,392,417,81,28.70,28.00
252:57,391,417,84,28.70,28.00
252:57,391,418,84,28.70,28.00
252:57,391,418,81,28.70,28.00
252:57,391,417,81,28.70,28.00
252:57,392,417,81,28.70,28.00
252:57,391,418,84,28.70,28.00
252:57,391,418,82,28.70,28.00
252:57,391,412,82,28.70,28.00
252:57,391,416,83,28.70,28.00
252:57,391,417,83,28.70,28.00
252:57,391,417,83,28.70,28.00
252:57,392,417,80,28.70,27.00
252:57,389,417,81,28.70,27.00
252:57,389,417,83,28.70,27.00
252:57,390,417,82,28.70,27.00
252:57,390,416,81,28.80,27.00
252:57,390,417,84,28.80,27.00
252:57,389,416,83,28.80,27.00
252:57,390,417,83,28.80,27.00
252:57,390,417,83,28.70,27.00
252:57,389,418,84,28.70,27.00
252:57,389,416,79,28.70,27.00
252:57,389,412,83,28.70,27.00
252:57,389,417,81,28.80,27.00
252:57,389,418,84,28.80,27.00
252:57,389,418,84,28.80,27.00
252:57,389,416,84,28.80,27.00
252:57,389,416,84,28.70,26.00
252:57,389,413,83,28.70,26.00
252:57,390,418,84,28.70,26.00
252:57,389,418,83,28.70,26.00
252:57,389,418,82,28.70,26.00
252:57,389,418,84,28.70,26.00
252:57,389,418,84,28.70,26.00
252:57,389,414,81,28.70,26.00
252:57,390,416,78,28.70,26.00
252:57,389,417,81,28.70,26.00
252:57,389,417,84,28.70,26.00
252:57,389,417,83,28.70,26.00
252:57,389,418,83,28.70,26.00
252:57,389,418,84,28.70,26.00
252:57,389,417,80,28.70,26.00
252:57,389,417,83,28.70,26.00
252:57,389,417,82,28.70,26.00
252:57,389,418,83,28.70,26.00
252:57,388,417,83,28.70,26.00
252:57,389,417,84,28.70,26.00
252:57,388,411,82,28.70,26.00
252:57,390,417,84,28.70,26.00
252:57,388,417,84,28.70,26.00
252:57,385,416,82,28.70,26.00
252:57,383,417,81,28.70,26.00
252:57,381,417,83,28.70,26.00
252:57,372,412,83,28.70,26.00
252:57,379,417,83,28.70,26.00
252:57,380,417,81,28.70,26.00
252:57,380,414,82,28.70,26.00
252:57,385,416,82,28.70,26.00
252:57,388,417,84,28.70,26.00
252:57,389,417,83,28.70,26.00
252:57,389,418,84,28.70,26.00
252:57,389,417,83,28.70,26.00
252:57,389,416,81,28.70,26.00
252:57,389,417,84,28.70,26.00
252:57,389,417,78,28.70,26.00
252:57,389,412,78,28.70,26.00
252:57,388,418,84,28.70,26.00
252:57,389,414,83,28.80,26.00
252:57,389,418,84,28.80,26.00
252:57,390,417,83,28.80,26.00
252:57,389,417,84,28.80,26.00
252:57,389,418,84,28.70,26.00
252:57,388,417,83,28.70,26.00
252:57,389,418,83,28.70,26.00
252:57,389,414,84,28.70,26.00
252:57,389,417,82,28.70,26.00
252:57,389,418,80,28.70,26.00
252:57,389,417,83,28.70,26.00
252:57,389,417,84,28.70,26.00
252:57,389,417,82,28.70,26.00
252:57,389,417,83,28.70,26.00
252:57,389,418,84,28.70,26.00
252:57,388,411,84,28.70,26.00
252:57,389,417,82,28.70,26.00
252:57,389,418,84,28.70,26.00
252:57,389,418,84,28.70,26.00
252:57,389,417,84,28.70,26.00
252:57,389,416,84,28.70,26.00
252:57,387,412,84,28.70,26.00
252:57,389,418,83,28.70,26.00
252:57,388,417,81,28.70,26.00
252:57,389,418,82,28.70,26.00
252:57,389,416,83,28.70,26.00
252:57,389,417,83,28.70,26.00
252:57,388,416,83,28.70,26.00
252:57,389,417,82,28.70,26.00
252:57,388,418,83,28.70,26.00
252:57,388,417,83,28.70,26.00
252:57,388,418,84,28.70,26.00
252:57,387,416,81,28.70,26.00
252:57,388,417,83,28.70,26.00
252:57,388,417,83,28.70,26.00
252:57,388,416,81,28.70,26.00
252:57,388,418,82,28.70,26.00
252:57,388,418,81,28.70,26.00
252:57,386,416,81,28.70,26.00
252:57,388,411,84,28.70,26.00
252:57,388,417,83,28.70,26.00
252:57,386,412,83,28.70,26.00
252:57,388,417,84,28.70,26.00
252:57,388,416,81,28.70,26.00
252:57,388,417,84,28.70,26.00
252:57,387,418,83,28.70,26.00
252:57,388,413,81,28.70,26.00
252:57,387,417,83,28.70,26.00
252:57,388,417,81,28.70,26.00
252:57,388,418,83,28.70,26.00
252:57,388,417,84,28.70,26.00
252:57,388,416,81,28.70,26.00
252:57,387,416,82,28.70,26.00
252:57,388,418,84,28.70,26.00
252:57,387,418,84,28.70,26.00
252:57,386,415,80,28.70,26.00
252:57,387,417,82,28.70,26.00
252:57,387,417,83,28.70,26.00
252:57,387,412,80,28.70,26.00
252:57,388,417,81,28.70,26.00
252:57,387,418,83,28.70,25.00
252:57,388,417,84,28.70,25.00
252:57,387,418,83,28.70,25.00
252:57,386,418,84,28.70,25.00
252:57,386,417,82,28.70,25.00
252:57,387,417,83,28.70,25.00
252:57,387,416,83,28.70,25.00
252:57,387,416,82,28.70,25.00
252:57,387,416,82,28.70,25.00
252:57,387,417,83,28.70,25.00
252:57,387,418,84,28.70,25.00
252:57,387,417,84,28.70,25.00
252:57,387,417,84,28.70,25.00
252:57,387,417,83,28.70,25.00
252:57,387,416,83,28.70,25.00
252:57,387,417,83,28.70,25.00
252:57,387,417,80,28.70,25.00
252:57,387,418,84,28.70,25.00
252:57,388,418,84,28.70,25.00
252:57,387,417,81,28.70,25.00
252:57,387,411,77,28.70,25.00
252:57,387,414,83,28.70,25.00
252:57,388,417,84,28.70,25.00
252:57,388,417,78,28.70,25.00
252:57,385,417,83,28.70,25.00
252:57,386,417,83,28.70,25.00
252:57,386,417,84,28.70,25.00
252:57,387,417,83,28.70,25.00
252:57,388,416,80,28.70,25.00
252:57,386,417,84,28.70,25.00
252:57,387,417,84,28.70,25.00
252:57,387,412,82,28.70,25.00
252:57,387,417,82,28.70,25.00
252:57,386,417,84,28.70,25.00
252:57,387,418,83,28.70,25.00
252:57,387,417,81,28.70,25.00
252:57,387,417,75,28.70,25.00
252:57,386,418,84,28.70,25.00
252:57,386,417,83,28.70,25.00
252:57,386,416,81,28.70,25.00
252:57,386,417,81,28.70,26.00
252:57,386,418,84,28.70,26.00
252:57,386,417,84,28.70,26.00
252:57,386,418,82,28.70,26.00
252:57,386,416,81,28.70,26.00
252:57,386,412,77,28.70,26.00
252:57,386,417,82,28.70,26.00
252:57,385,411,80,28.70,26.00
252:57,386,416,81,28.70,27.00
252:57,386,417,82,28.70,27.00
252:57,386,417,82,28.70,27.00
252:57,386,417,81,28.70,27.00
252:57,386,417,81,28.70,27.00
252:57,385,418,82,28.70,27.00
252:57,385,417,83,28.70,27.00
252:57,386,417,81,28.70,27.00
252:57,386,416,80,28.70,27.00
252:57,386,416,77,28.70,27.00
252:57,386,417,84,28.70,27.00
252:57,385,416,82,28.70,27.00
252:57,386,417,82,28.60,27.00
252:57,386,418,82,28.60,27.00
252:57,385,414,77,28.60,27.00
252:57,386,417,82,28.60,27.00
252:57,384,417,82,28.70,27.00
252:57,385,411,77,28.70,27.00
252:57,385,417,82,28.70,27.00
252:57,385,416,81,28.70,27.00
252:57,385,416,81,28.70,27.00
252:57,385,413,81,28.70,27.00
252:57,385,417,81,28.70,27.00
252:57,385,417,84,28.70,27.00
252:57,385,416,81,28.60,27.00
252:57,385,417,84,28.60,27.00
252:57,385,418,83,28.60,27.00
252:57,386,417,81,28.60,27.00
252:57,384,416,77,28.70,27.00
252:57,385,417,82,28.70,27.00
252:57,385,417,82,28.70,27.00
252:57,385,417,84,28.70,27.00
252:57,385,416,81,28.70,27.00
252:57,385,413,77,28.70,27.00
252:57,385,417,82,28.70,27.00
252:57,385,416,81,28.70,27.00
252:57,385,415,81,28.70,27.00
252:57,385,418,84,28.70,27.00
252:57,385,417,83,28.70,27.00
252:57,386,416,82,28.70,27.00
252:57,385,417,82,28.70,27.00
252:57,385,417,80,28.70,27.00
252:57,385,414,79,28.70,27.00
252:57,385,413,82,28.70,27.00
252:57,385,417,82,28.60,27.00
252:57,385,417,83,28.60,27.00
252:57,385,417,83,28.60,27.00
252:57,385,416,77,28.60,27.00
252:57,384,411,81,28.60,28.00
252:57,385,418,82,28.60,28.00
252:57,385,417,82,28.60,28.00
252:57,383,417,82,28.60,28.00
252:57,385,417,81,28.70,28.00
252:57,384,417,81,28.70,28.00
252:57,384,417,82,28.70,28.00
252:57,384,417,81,28.70,28.00
252:57,384,417,81,28.70,28.00
252:57,384,417,84,28.70,28.00
252:57,384,417,82,28.70,28.00
252:57,385,416,82,28.70,28.00
252:57,384,411,81,28.70,28.00
252:57,384,417,82,28.70,28.00
252:57,384,417,84,28.70,28.00
252:57,384,417,80,28.70,28.00
252:57,383,411,80,28.70,28.00
252:57,384,418,84,28.70,28.00
252:57,383,414,81,28.70,28.00
252:57,384,416,82,28.70,28.00
252:57,384,416,81,28.60,28.00
252:57,384,416,82,28.60,28.00
252:57,384,417,83,28.60,28.00
252:57,383,417,82,28.60,28.00
252:57,384,417,84,28.70,28.00
252:57,384,413,81,28.70,28.00
252:57,384,413,80,28.70,28.00
252:57,384,416,82,28.70,28.00
252:57,384,416,81,28.60,28.00
252:57,384,418,82,28.60,28.00
252:57,384,416,83,28.60,28.00
252:57,385,416,84,28.60,28.00
252:57,384,417,84,28.60,28.00
252:57,384,418,81,28.60,28.00
252:57,383,417,81,28.60,28.00
252:57,384,417,82,28.60,28.00
252:57,384,416,82,28.80,28.00
252:57,384,417,81,28.80,28.00
252:57,384,417,82,28.80,28.00
252:57,384,417,76,28.80,28.00
252:57,383,415,81,28.70,28.00
252:57,384,417,78,28.70,28.00
252:57,383,412,81,28.70,28.00
252:57,384,416,82,28.70,28.00
252:57,384,416,80,28.60,28.00
252:57,384,417,82,28.60,28.00
252:57,383,417,79,28.60,28.00
252:57,383,416,82,28.60,28.00
252:57,384,417,82,28.60,28.00
252:57,383,416,83,28.60,28.00
252:57,383,418,83,28.60,28.00
252:57,383,417,82,28.60,28.00
252:57,383,416,82,28.60,28.00
252:57,382,417,83,28.60,28.00
252:57,383,417,77,28.60,28.00
252:57,383,416,80,28.60,28.00
252:57,383,417,81,28.70,29.00
252:57,381,416,82,28.70,29.00
252:57,384,417,82,28.70,29.00
252:57,383,417,81,28.70,29.00
252:57,383,416,80,28.60,29.00
252:57,383,418,84,28.60,29.00
252:57,382,412,81,28.60,29.00
252:57,383,417,84,28.60,29.00
252:57,383,415,81,28.60,29.00
252:57,383,417,82,28.60,29.00
252:57,383,414,73,28.60,29.00
252:57,383,416,71,28.60,29.00
252:57,383,416,68,28.60,30.00
252:57,382,415,63,28.60,30.00
252:57,383,417,69,28.60,30.00
252:57,383,415,70,28.60,30.00
252:57,382,414,68,28.60,30.00
252:57,384,417,71,28.60,30.00
252:57,384,416,72,28.60,30.00
252:57,383,416,74,28.60,30.00
252:57,382,415,70,28.60,29.00
252:57,382,416,76,28.60,29.00
252:57,383,415,73,28.60,29.00
252:57,382,417,72,28.60,29.00
252:57,382,416,74,28.70,29.00
252:57,383,413,72,28.70,29.00
252:57,381,415,72,28.70,29.00
252:57,382,415,72,28.70,29.00
252:57,382,416,72,28.70,29.00
252:57,382,416,74,28.70,29.00
252:57,382,415,68,28.70,29.00
252:57,382,415,76,28.70,29.00
252:57,382,415,68,28.60,28.00
252:57,381,417,72,28.60,28.00
252:57,382,416,72,28.60,28.00
252:57,382,415,68,28.60,28.00
252:57,382,414,72,28.70,28.00
252:57,382,416,72,28.70,28.00
252:57,382,415,72,28.70,28.00
252:57,381,417,72,28.70,28.00
252:57,382,416,73,28.60,28.00
252:57,382,409,72,28.60,28.00
252:57,382,416,72,28.60,28.00
252:57,382,415,70,28.60,28.00
252:57,382,415,71,28.70,29.00
252:57,382,415,72,28.70,29.00
252:57,381,416,74,28.70,29.00
252:57,382,415,72,28.70,29.00
252:57,382,416,72,28.70,29.00
252:57,382,415,80,28.70,29.00
252:57,382,412,79,28.70,29.00
252:57,382,416,75,28.70,29.00
252:57,382,417,75,28.60,29.00
252:57,382,411,77,28.60,29.00
252:57,382,416,79,28.60,29.00
252:57,381,416,79,28.60,29.00
252:57,381,417,79,28.70,30.00
252:57,382,417,84,28.70,30.00
252:57,382,417,81,28.70,30.00
252:57,381,417,82,28.70,30.00
252:57,382,416,73,28.60,30.00
252:57,382,417,80,28.60,30.00
252:57,382,417,74,28.60,30.00
252:57,382,416,79,28.60,30.00
252:57,382,414,78,28.70,30.00
252:57,382,417,80,28.70,30.00
252:57,381,416,79,28.70,30.00
252:57,382,417,79,28.70,30.00
252:57,381,416,79,28.60,30.00
252:57,381,416,79,28.60,30.00
252:57,380,416,79,28.60,30.00
252:57,382,416,78,28.60,30.00
252:57,382,416,76,28.60,30.00
252:57,381,418,82,28.60,30.00
252:57,381,416,79,28.60,30.00
252:57,382,410,79,28.60,30.00
252:57,381,412,79,28.60,30.00
252:57,381,415,79,28.60,30.00
252:57,381,416,78,28.60,30.00
252:57,381,416,76,28.60,30.00
252:57,381,417,78,28.60,29.00
252:57,380,417,76,28.60,29.00
252:57,382,416,79,28.60,29.00
252:57,381,416,78,28.60,29.00
252:57,381,413,76,28.60,29.00
252:57,380,412,80,28.60,29.00
252:57,382,416,81,28.60,29.00
252:57,381,417,80,28.60,29.00
252:57,381,416,79,28.60,30.00
252:57,381,417,81,28.60,30.00
252:57,381,417,82,28.60,30.00
252:57,381,417,81,28.60,30.00
252:57,381,416,80,28.60,29.00
252:57,380,418,82,28.60,29.00
252:57,381,417,84,28.60,29.00
252:57,381,416,81,28.60,29.00
252:57,381,417,80,28.60,29.00
252:57,380,417,81,28.60,29.00
252:57,382,416,82,28.60,29.00
252:57,381,412,84,28.60,29.00
252:57,380,417,81,28.70,30.00
252:57,381,412,80,28.70,30.00
252:57,381,414,81,28.70,30.00
252:57,380,417,79,28.70,30.00
252:57,380,416,80,28.70,29.00
252:57,381,417,82,28.70,29.00
252:57,380,417,81,28.70,29.00
252:57,380,417,81,28.70,29.00
252:57,381,416,82,28.60,29.00
252:57,380,416,82,28.60,29.00
252:57,380,417,81,28.60,29.00
252:57,380,417,81,28.60,29.00
252:57,380,417,82,28.60,29.00
252:57,380,417,82,28.60,29.00
252:57,379,414,81,28.60,29.00
252:57,380,411,82,28.60,29.00
252:57,380,416,81,28.70,28.00
252:57,380,413,77,28.70,28.00
252:57,380,416,84,28.70,28.00
252:57,381,413,84,28.70,28.00
252:57,381,411,82,28.70,28.00
252:57,380,417,82,28.70,28.00
252:57,380,417,82,28.70,28.00
252:57,381,416,82,28.70,28.00
252:57,379,417,84,28.60,28.00
252:57,380,417,81,28.60,28.00
252:57,380,417,82,28.60,28.00
252:57,380,416,77,28.60,28.00
252:57,380,417,80,28.70,28.00
252:57,380,416,81,28.70,28.00
252:57,380,412,76,28.70,28.00
252:57,380,416,82,28.70,28.00
252:57,380,416,82,28.60,28.00
252:57,380,417,84,28.60,28.00
252:57,379,417,84,28.60,28.00
252:57,380,416,74,28.60,28.00
252:57,378,416,81,28.60,28.00
252:57,379,417,81,28.60,28.00
252:57,380,416,82,28.60,28.00
252:57,380,417,82,28.60,28.00
252:57,379,410,82,28.60,28.00
252:57,380,417,82,28.60,28.00
252:57,379,416,82,28.60,28.00
252:57,380,416,81,28.60,28.00
252:57,380,416,81,28.60,28.00
252:57,379,416,81,28.60,28.00
252:57,380,416,82,28.60,28.00
252:57,379,417,80,28.60,28.00
252:57,379,417,81,28.60,28.00
252:57,379,412,82,28.60,28.00
252:57,380,416,81,28.60,28.00
252:57,379,416,81,28.60,28.00
252:57,379,416,81,28.70,28.00
252:57,379,417,84,28.70,28.00
252:57,378,412,80,28.70,28.00
252:57,380,418,77,28.70,28.00
252:57,379,417,84,28.60,28.00
252:57,379,418,81,28.60,28.00
252:57,379,415,82,28.60,28.00
252:57,379,417,81,28.60,28.00
252:57,378,417,82,28.70,28.00
252:57,380,416,80,28.70,28.00
252:57,379,416,80,28.70,28.00
252:57,379,412,82,28.70,28.00
252:57,379,411,82,28.60,28.00
252:57,380,417,83,28.60,28.00
252:57,379,416,84,28.60,28.00
252:57,379,411,82,28.60,28.00
252:57,379,416,82,28.60,27.00
252:57,379,414,83,28.60,27.00
252:57,377,413,83,28.60,27.00
252:57,377,416,81,28.60,27.00
252:57,379,417,84,28.60,27.00
252:57,379,418,83,28.60,27.00
252:57,377,417,83,28.60,27.00
252:57,377,410,82,28.60,27.00
252:57,379,411,82,28.60,26.00
252:57,379,417,83,28.60,26.00
252:57,379,417,83,28.60,26.00
252:57,378,417,81,28.60,26.00
252:57,378,417,80,28.60,26.00
252:57,379,417,84,28.60,26.00
252:57,379,417,83,28.60,26.00
252:57,378,416,82,28.60,26.00
252:57,379,416,74,28.60,26.00
252:57,377,415,78,28.60,26.00
252:57,380,416,77,28.60,26.00
252:57,379,416,74,28.60,26.00
252:57,380,413,75,28.60,26.00
252:57,379,417,79,28.60,26.00
252:57,378,416,80,28.60,26.00
252:57,379,415,76,28.60,26.00
252:57,378,416,76,28.60,26.00
252:57,379,416,77,28.60,26.00
252:57,378,416,77,28.60,26.00
252:57,378,417,71,28.60,26.00
252:57,377,417,75,28.60,27.00
252:57,378,411,78,28.60,27.00
252:57,378,416,76,28.60,27.00
252:57,379,414,75,28.60,27.00
252:57,378,413,75,28.70,27.00
252:57,378,413,72,28.70,27.00
252:57,378,417,76,28.70,27.00
252:57,378,416,76,28.70,27.00
252:57,378,415,75,28.60,27.00
252:57,377,416,76,28.60,27.00
252:57,378,414,75,28.60,27.00
252:57,378,416,76,28.60,27.00
252:57,377,410,75,28.60,27.00
252:57,378,416,76,28.60,27.00
252:57,379,416,74,28.60,27.00
252:57,376,415,74,28.60,27.00
252:57,377,414,76,28.70,27.00
252:57,378,415,74,28.70,27.00
252:57,378,416,74,28.70,27.00
252:57,378,415,76,28.70,27.00
252:57,377,415,73,28.60,27.00
252:57,377,416,72,28.60,27.00
252:57,378,416,74,28.60,27.00
252:57,377,415,72,28.60,27.00
252:57,378,415,74,28.70,28.00
252:57,378,415,76,28.70,28.00
252:57,377,416,72,28.70,28.00
252:57,377,416,74,28.70,28.00
252:57,378,415,74,28.70,28.00
252:57,376,416,75,28.70,28.00
252:57,377,416,72,28.70,28.00
252:57,377,415,73,28.70,28.00
252:57,377,415,74,28.60,28.00
252:57,377,416,75,28.60,28.00
252:57,377,416,75,28.60,28.00
252:57,376,414,75,28.60,28.00
252:57,377,415,74,28.60,28.00
252:57,378,416,76,28.60,28.00
252:57,376,416,75,28.60,28.00
252:57,377,414,76,28.60,28.00
252:57,378,416,73,28.70,28.00
252:57,377,415,74,28.70,28.00
252:57,377,417,76,28.70,28.00
252:57,376,412,74,28.70,28.00
252:57,376,415,73,28.70,28.00
252:57,377,410,76,28.70,28.00
252:57,377,415,74,28.70,28.00
252:57,377,415,76,28.70,28.00
252:57,377,414,74,28.60,28.00
252:57,377,416,74,28.60,28.00
252:57,378,415,74,28.60,28.00
252:57,377,416,68,28.60,28.00
252:57,377,410,68,28.60,29.00
252:57,377,413,69,28.60,29.00
252:57,378,415,73,28.60,29.00
252:57,377,415,70,28.60,29.00
252:57,377,416,70,28.60,29.00
252:57,377,416,71,28.60,29.00
252:57,377,416,74,28.60,29.00
252:57,377,416,71,28.60,29.00
252:57,376,416,76,28.60,29.00
252:57,376,413,75,28.60,29.00
252:57,377,416,75,28.60,29.00
252:57,377,416,77,28.60,29.00
252:57,377,416,75,28.70,29.00
252:57,376,416,76,28.70,29.00
252:57,378,416,70,28.70,29.00
252:57,377,413,74,28.70,29.00
252:57,377,416,73,28.60,29.00
252:57,376,416,75,28.60,29.00
252:57,377,413,75,28.60,29.00
252:57,377,416,75,28.60,29.00
252:57,377,416,76,28.60,29.00
252:57,376,416,77,28.60,29.00
252:57,377,416,76,28.60,29.00
252:57,377,416,77,28.60,29.00
252:57,376,411,71,28.60,29.00
252:57,376,416,78,28.60,29.00
252:57,377,411,72,28.60,29.00
252:57,376,415,75,28.60,29.00
252:57,375,416,74,28.60,29.00
252:57,377,412,76,28.60,29.00
252:57,376,416,75,28.60,29.00
252:57,376,416,75,28.60,29.00
252:57,377,415,74,28.60,28.00
252:57,376,410,75,28.60,28.00
252:57,376,416,74,28.60,28.00
252:57,376,416,75,28.60,28.00
252:57,376,416,75,28.70,28.00
252:57,376,415,70,28.70,28.00
252:57,376,415,72,28.70,28.00
252:57,377,415,75,28.70,28.00
252:57,376,416,76,28.60,28.00
252:57,376,415,74,28.60,28.00
252:57,376,415,74,28.60,28.00
252:57,376,415,75,28.60,28.00
252:57,376,415,74,28.60,28.00
252:57,376,416,75,28.60,28.00
252:57,376,416,75,28.60,28.00
252:57,376,416,73,28.60,28.00
252:57,376,415,73,28.60,27.00
252:57,376,414,74,28.60,27.00
252:57,376,416,74,28.60,27.00
252:57,376,415,74,28.60,27.00
252:57,376,412,73,28.60,26.00
252:57,376,416,75,28.60,26.00
252:57,377,416,73,28.60,26.00
252:57,376,415,75,28.60,26.00
252:57,377,417,75,28.60,26.00
252:57,374,417,75,28.60,26.00
252:57,376,416,76,28.60,26.00
252:57,376,416,75,28.60,26.00
252:57,376,414,75,28.60,26.00
252:57,376,417,76,28.60,26.00
252:57,374,413,74,28.60,26.00
252:57,376,416,74,28.60,26.00
252:57,376,416,75,28.70,26.00
252:57,376,415,71,28.70,26.00
252:57,375,416,74,28.70,26.00
252:57,375,415,74,28.70,26.00
252:57,376,412,72,28.60,26.00
252:57,376,417,73,28.60,26.00
252:57,375,416,73,28.60,26.00
252:57,375,415,76,28.60,26.00
252:57,375,416,71,28.60,26.00
252:57,375,416,72,28.60,26.00
252:57,375,415,73,28.60,26.00
252:57,375,415,71,28.60,26.00
252:57,376,415,70,28.60,26.00
252:57,375,415,74,28.60,26.00
252:57,375,412,73,28.60,26.00
252:57,374,415,71,28.60,26.00
252:57,375,415,71,28.60,26.00
252:57,374,416,67,28.60,26.00
252:57,375,415,73,28.60,26.00
252:57,374,414,72,28.60,26.00
252:57,375,415,72,28.70,26.00
252:57,375,410,72,28.70,26.00
252:57,375,413,74,28.70,26.00
252:57,375,416,72,28.70,26.00
252:57,375,416,72,28.60,26.00
252:57,375,416,74,28.60,26.00
252:57,375,416,75,28.60,26.00
252:57,375,415,70,28.60,26.00
252:57,375,413,71,28.60,27.00
252:57,375,416,68,28.60,27.00
252:57,375,414,72,28.60,27.00
252:57,375,415,72,28.60,27.00
252:57,375,415,68,28.60,27.00
252:57,376,415,73,28.60,27.00
252:57,375,410,73,28.60,27.00
252:57,375,416,72,28.60,27.00
252:57,374,415,68,28.60,27.00
252:57,375,415,73,28.60,27.00
252:57,374,415,72,28.60,27.00
252:57,375,414,71,28.60,27.00
252:57,375,415,71,28.70,27.00
252:57,375,416,73,28.70,27.00
252:57,375,416,72,28.70,27.00
252:57,375,415,73,28.70,27.00
252:57,375,417,67,28.60,27.00
252:57,374,416,72,28.60,27.00
252:57,373,416,73,28.60,27.00
252:57,373,415,71,28.60,27.00
252:57,374,415,70,28.60,27.00
252:57,373,415,72,28.60,27.00
252:57,374,415,72,28.60,27.00
252:57,374,409,72,28.60,27.00
252:57,374,415,73,28.60,26.00
252:57,375,416,70,28.60,26.00
252:57,374,415,74,28.60,26.00
252:57,374,415,72,28.60,26.00
252:57,374,416,72,28.60,26.00
252:57,373,410,72,28.60,26.00
252:57,374,416,74,28.60,26.00
252:57,374,415,73,28.60,26.00
252:57,375,416,71,28.60,26.00
252:57,373,415,76,28.60,26.00
252:57,375,415,72,28.60,26.00
252:57,373,415,72,28.60,26.00
252:57,374,411,71,28.60,26.00
252:57,375,415,72,28.60,26.00
252:57,374,411,73,28.60,26.00
252:57,374,416,71,28.60,26.00
252:57,374,415,71,28.70,26.00
252:57,374,415,71,28.70,26.00
252:57,374,414,73,28.70,26.00
252:57,374,415,71,28.70,26.00
252:57,374,414,70,28.60,26.00
252:57,373,415,71,28.60,26.00
252:57,374,414,73,28.60,26.00
252:57,374,414,72,28.60,26.00
252:57,374,414,70,28.60,26.00
252:57,374,411,70,28.60,26.00
252:57,374,415,71,28.60,26.00
252:57,374,414,70,28.60,26.00
252:57,374,415,66,28.60,26.00
252:57,374,415,76,28.60,26.00
252:57,373,415,72,28.60,26.00
252:57,374,416,72,28.60,26.00
252:57,374,416,71,28.70,26.00
252:57,374,412,73,28.70,26.00
252:57,373,415,72,28.70,26.00
252:57,374,414,72,28.70,26.00
252:57,374,414,73,28.60,25.00
252:57,374,415,73,28.60,25.00
252:57,373,414,72,28.60,25.00
252:57,374,416,73,28.60,25.00
252:57,373,415,73,28.60,25.00
252:57,374,416,72,28.60,25.00
252:57,373,415,76,28.60,25.00
252:57,374,415,74,28.60,25.00
252:57,374,413,72,28.60,25.00
252:57,373,414,72,28.60,25.00
252:57,372,415,73,28.60,25.00
252:57,374,416,71,28.60,25.00
252:57,374,416,76,28.60,25.00
252:57,373,410,69,28.60,25.00
252:57,373,415,73,28.60,25.00
252:57,372,415,74,28.60,25.00
252:57,373,415,73,28.60,25.00
252:57,374,414,73,28.60,25.00
252:57,373,415,71,28.60,25.00
252:57,374,410,72,28.60,25.00
252:57,373,415,74,28.60,26.00
252:57,373,415,73,28.60,26.00
252:57,373,414,72,28.60,26.00
252:57,373,410,72,28.60,26.00
252:57,373,414,71,28.60,26.00
252:57,373,416,72,28.60,26.00
252:57,373,415,72,28.60,26.00
252:57,373,414,71,28.60,26.00
252:57,373,415,71,28.70,26.00
252:57,373,415,73,28.70,26.00
252:57,373,415,70,28.70,26.00
252:57,373,415,72,28.70,26.00
252:57,374,413,71,28.60,26.00
252:57,373,412,73,28.60,26.00
252:57,374,412,72,28.60,26.00
252:57,373,415,71,28.60,26.00
252:57,372,416,72,28.70,26.00
252:57,373,416,72,28.70,26.00
252:57,373,416,72,28.70,26.00
252:57,373,414,72,28.70,26.00
252:57,373,415,70,28.70,26.00
252:57,373,417,74,28.70,26.00
252:57,373,415,73,28.70,26.00
252:57,373,414,71,28.70,26.00
252:57,373,414,70,28.60,26.00
252:57,373,415,70,28.60,26.00
252:57,374,414,73,28.60,26.00
252:57,373,416,73,28.60,26.00
252:57,374,411,72,28.70,26.00
252:57,373,415,73,28.70,26.00
252:57,372,415,73,28.70,26.00
252:57,374,415,72,28.70,26.00
252:57,373,416,73,28.60,26.00
252:57,373,416,74,28.60,26.00
252:57,374,414,73,28.60,26.00
252:57,372,415,72,28.60,26.00
252:57,372,415,73,28.70,26.00
252:57,374,414,73,28.70,26.00
252:57,372,415,74,28.70,26.00
252:57,372,415,72,28.70,26.00
252:57,372,412,71,28.60,26.00
252:57,373,415,73,28.60,26.00
252:57,373,415,68,28.60,26.00
252:57,372,414,70,28.60,26.00
252:57,372,415,70,28.70,27.00
252:57,372,416,73,28.70,27.00
252:57,373,414,73,28.70,27.00
252:57,372,415,73,28.70,27.00
252:57,374,415,72,28.70,27.00
252:57,372,416,72,28.70,27.00
252:57,372,415,68,28.70,27.00
252:57,372,413,73,28.70,27.00
252:57,372,415,72,28.60,28.00
252:57,372,415,74,28.60,28.00
252:57,373,414,73,28.60,28.00
252:57,372,416,72,28.60,28.00
252:57,372,416,71,28.60,28.00
252:57,372,416,70,28.60,28.00
252:57,372,414,72,28.60,28.00
252:57,372,415,74,28.60,28.00
252:57,373,415,71,28.60,28.00
252:57,372,415,74,28.60,28.00
252:57,373,416,72,28.60,28.00
252:57,372,415,72,28.60,28.00
252:57,372,413,71,28.60,29.00
252:57,371,415,73,28.60,29.00
252:57,372,416,73,28.60,29.00
252:57,372,416,70,28.60,29.00
252:57,370,415,70,28.70,29.00
252:57,372,415,72,28.70,29.00
252:57,372,415,73,28.70,29.00
252:57,372,415,71,28.70,29.00
252:57,370,409,70,28.70,29.00
252:57,372,415,71,28.70,29.00
252:57,371,413,70,28.70,29.00
252:57,372,413,72,28.70,29.00
252:57,371,415,70,28.70,29.00
252:57,371,415,73,28.70,29.00
252:57,371,411,74,28.70,29.00
252:57,371,416,68,28.70,29.00
252:57,371,414,71,28.60,29.00
252:57,371,416,67,28.60,29.00
252:57,372,415,71,28.60,29.00
252:57,371,414,72,28.60,29.00
252:57,371,411,72,28.70,29.00
252:57,371,415,74,28.70,29.00
252:57,371,416,72,28.70,29.00
252:57,372,416,70,28.70,29.00
252:57,371,412,70,28.60,29.00
252:57,371,416,72,28.60,29.00
252:57,372,415,71,28.60,29.00
252:57,372,414,70,28.60,29.00
252:57,371,415,70,28.70,29.00
252:57,372,415,71,28.70,29.00
252:57,371,409,68,28.70,29.00
252:57,371,416,71,28.70,29.00
252:57,371,415,70,28.70,29.00
252:57,372,415,71,28.70,29.00
252:57,371,415,72,28.70,29.00
252:57,371,416,71,28.70,29.00
252:57,371,415,71,28.60,29.00
252:57,371,415,72,28.60,29.00
252:57,371,415,68,28.60,29.00
252:57,371,415,70,28.60,29.00
252:57,371,413,71,28.70,28.00
252:57,370,415,73,28.70,28.00
252:57,371,412,71,28.70,28.00
252:57,370,415,70,28.70,28.00
252:57,371,415,68,28.60,28.00
252:57,370,415,68,28.60,28.00
252:57,370,415,74,28.60,28.00
252:57,371,411,71,28.60,28.00
252:57,370,410,70,28.70,28.00
252:57,370,414,72,28.70,28.00
252:57,370,416,73,28.70,28.00
252:57,371,416,72,28.70,28.00
252:57,370,416,72,28.70,28.00
252:57,370,415,74,28.70,28.00
252:57,370,416,72,28.70,28.00
252:57,371,415,70,28.70,28.00
252:57,370,411,70,28.60,28.00
252:57,370,415,71,28.60,28.00
252:57,370,414,70,28.60,28.00
252:57,370,414,70,28.60,28.00
252:57,370,415,70,28.70,28.00
252:57,371,415,73,28.70,28.00
252:57,369,414,72,28.70,28.00
252:57,369,415,74,28.70,28.00
252:57,370,413,71,28.60,28.00
252:57,369,415,73,28.60,28.00
252:57,370,415,72,28.60,28.00
252:57,370,414,72,28.60,28.00
252:57,369,415,72,28.60,28.00
252:57,369,416,73,28.60,28.00
252:57,369,415,73,28.60,28.00
252:57,370,409,73,28.60,28.00
252:57,369,415,73,28.70,28.00
252:57,369,415,73,28.70,28.00
252:57,369,415,73,28.70,28.00
252:57,369,416,73,28.70,28.00
252:57,370,415,73,28.60,28.00
252:57,369,416,74,28.60,28.00
252:57,369,415,73,28.60,28.00
252:57,369,415,70,28.60,28.00
252:57,368,414,73,28.70,27.00
252:57,369,416,73,28.70,27.00
252:57,369,415,76,28.70,27.00
252:57,370,417,74,28.70,27.00
252:57,369,415,72,28.70,26.00
252:57,370,413,73,28.70,26.00
252:57,369,415,73,28.70,26.00
252:57,369,416,73,28.70,26.00
252:57,369,415,71,28.60,26.00
252:57,369,416,72,28.60,26.00
252:57,369,416,72,28.60,26.00
252:57,369,410,74,28.60,26.00
252:57,369,415,72,28.60,26.00
252:57,369,411,74,28.60,26.00
252:57,369,416,73,28.60,26.00
252:57,370,417,76,28.60,26.00
252:57,369,410,72,28.60,26.00
252:57,369,416,71,28.60,26.00
252:57,369,415,74,28.60,26.00
252:57,369,414,73,28.60,26.00
252:57,369,415,72,28.60,26.00
252:57,369,416,72,28.60,26.00
252:57,368,416,75,28.60,26.00
252:57,369,415,72,28.60,26.00
252:57,369,415,76,28.60,26.00
252:57,368,415,73,28.60,26.00
252:57,369,414,73,28.60,26.00
252:57,368,416,72,28.60,26.00
252:57,368,416,76,28.60,25.00
252:57,368,416,76,28.60,25.00
252:57,368,410,76,28.60,25.00
252:57,369,415,72,28.60,25.00
252:57,368,415,73,28.60,24.00
252:57,368,415,73,28.60,24.00
252:57,368,416,76,28.60,24.00
252:57,368,414,71,28.60,24.00
252:57,368,414,72,28.60,24.00
252:57,368,416,70,28.60,24.00
252:57,369,415,75,28.60,24.00
252:57,369,416,73,28.60,24.00
252:57,368,414,72,28.60,24.00
252:57,368,415,74,28.60,24.00
252:57,368,414,69,28.60,24.00
252:57,368,414,72,28.60,24.00
252:57,368,416,72,28.60,24.00
252:57,368,410,74,28.60,24.00
252:57,368,417,74,28.60,24.00
252:57,368,414,74,28.60,24.00
252:57,368,409,72,28.60,24.00
252:57,369,416,72,28.60,24.00
252:57,367,415,72,28.60,24.00
252:57,368,416,74,28.60,24.00
252:57,367,416,76,28.60,25.00
252:57,369,415,73,28.60,25.00
252:57,366,415,73,28.60,25.00
252:57,367,410,72,28.60,25.00
252:57,368,411,74,28.60,25.00
252:57,368,415,73,28.60,25.00
252:57,368,415,74,28.60,25.00
252:57,367,415,71,28.60,25.00
252:57,367,415,71,28.60,26.00
252:57,367,414,74,28.60,26.00
252:57,367,415,69,28.60,26.00
252:57,367,416,74,28.60,26.00
252:57,367,415,72,28.60,26.00
252:57,367,409,72,28.60,26.00
252:57,367,415,70,28.60,26.00
252:57,368,411,72,28.60,26.00
252:57,368,414,70,28.60,26.00
252:57,367,415,71,28.60,26.00
252:57,366,414,72,28.60,26.00
252:57,367,415,73,28.60,26.00
252:57,367,416,72,28.60,27.00
252:57,367,416,75,28.60,27.00
252:57,367,417,76,28.60,27.00
252:57,367,415,73,28.60,27.00
252:57,367,414,71,28.60,26.00
252:57,367,415,74,28.60,26.00
252:57,366,415,76,28.60,26.00
252:57,368,415,72,28.60,26.00
252:57,367,416,73,28.50,26.00
252:57,367,414,73,28.50,26.00
252:57,367,414,72,28.50,26.00
252:57,367,415,72,28.50,26.00
252:57,367,412,70,28.60,26.00
252:57,367,414,73,28.60,26.00
252:57,368,416,73,28.60,26.00
252:57,367,416,72,28.60,26.00
252:57,367,416,68,28.60,26.00
252:57,367,416,74,28.60,26.00
252:57,367,416,68,28.60,26.00
252:57,367,415,72,28.60,26.00
252:57,368,414,72,28.60,26.00
252:57,367,415,69,28.60,26.00
252:57,367,414,74,28.60,26.00
252:57,367,414,72,28.60,26.00
252:57,366,415,74,28.60,26.00
252:57,367,416,72,28.60,26.00
252:57,366,415,76,28.60,26.00
252:57,366,414,72,28.60,26.00
252:57,366,415,71,28.60,26.00
252:57,366,415,73,28.60,26.00
252:57,366,412,72,28.60,26.00
252:57,366,415,72,28.60,26.00
252:57,366,416,72,28.60,26.00
252:57,366,416,72,28.60,26.00
252:57,366,416,68,28.60,26.00
252:57,366,415,71,28.60,26.00
252:57,364,414,70,28.60,26.00
252:57,366,414,73,28.60,26.00
252:57,366,416,72,28.60,26.00
252:57,366,416,72,28.60,26.00
252:57,366,415,71,28.70,26.00
252:57,364,415,73,28.70,26.00
252:57,365,415,72,28.70,26.00
252:57,366,416,72,28.70,26.00
252:57,366,416,71,28.60,26.00
252:57,366,416,67,28.60,26.00
252:57,364,411,73,28.60,26.00
252:57,366,415,71,28.60,26.00
252:57,365,416,72,28.60,26.00
252:57,365,415,73,28.60,26.00
252:57,366,414,73,28.60,26.00
252:57,366,415,72,28.60,26.00
252:57,366,414,72,28.60,26.00
252:57,365,415,72,28.60,26.00
252:57,365,412,73,28.60,26.00
252:57,365,410,67,28.60,26.00
252:57,365,410,72,28.60,26.00
252:57,366,415,70,28.60,26.00
252:57,365,416,75,28.60,26.00
252:57,365,416,74,28.60,26.00
252:57,366,414,71,28.60,26.00
252:57,365,415,74,28.60,26.00
252:57,366,414,74,28.60,26.00
252:57,365,415,72,28.60,26.00
252:57,366,416,72,28.60,26.00
252:57,365,416,74,28.60,26.00
252:57,365,415,72,28.60,26.00
252:57,365,415,76,28.60,26.00
252:57,365,410,71,28.60,26.00
252:57,365,412,70,28.60,26.00
252:57,365,416,73,28.60,26.00
252:57,365,415,72,28.60,26.00
252:57,364,416,73,28.60,26.00
252:57,365,411,72,28.60,26.00
252:57,365,415,74,28.60,26.00
252:57,365,409,72,28.60,26.00
252:57,364,414,70,28.60,26.00
252:57,365,416,71,28.60,26.00
252:57,365,414,72,28.60,26.00
252:57,365,412,72,28.60,26.00
252:57,365,409,69,28.60,26.00
252:57,364,416,72,28.60,26.00
252:57,365,416,70,28.60,26.00
252:57,364,414,69,28.60,26.00
252:57,364,414,70,28.60,26.00
252:57,364,415,69,28.60,26.00
252:57,363,414,69,28.60,26.00
252:57,361,415,71,28.60,26.00
252:57,334,414,69,28.60,26.00
252:57,356,414,68,28.60,26.00
252:57,350,415,69,28.60,26.00
252:57,351,414,68,28.60,26.00
252:57,360,414,66,28.50,27.00
252:57,363,415,70,28.50,27.00
252:57,363,412,68,28.50,27.00
252:57,363,416,68,28.50,27.00
252:57,362,415,70,28.60,27.00
252:57,363,415,69,28.60,27.00
252:57,364,415,70,28.60,27.00
252:57,363,415,70,28.60,27.00
252:57,364,414,69,28.60,27.00
252:57,363,415,69,28.60,27.00
252:57,363,414,69,28.60,27.00
252:57,363,414,68,28.60,27.00
252:57,363,414,70,28.60,27.00
252:57,363,415,70,28.60,27.00
252:57,363,414,70,28.60,27.00
252:57,363,414,68,28.60,27.00
252:57,364,415,69,28.60,27.00
252:57,362,409,68,28.60,27.00
252:57,363,414,72,28.60,27.00
252:57,363,414,68,28.60,27.00
252:57,363,414,68,28.60,27.00
252:57,363,414,69,28.60,27.00
252:57,362,412,69,28.60,27.00
252:57,363,414,68,28.60,27.00
252:57,363,410,68,28.50,27.00
252:57,363,414,69,28.50,27.00
252:57,363,414,69,28.50,27.00
252:57,362,415,68,28.50,27.00
252:57,363,414,68,28.60,27.00
252:57,362,415,63,28.60,27.00
252:57,363,414,68,28.60,27.00
252:57,363,414,68,28.60,27.00
252:57,362,409,69,28.60,26.00
252:57,363,415,70,28.60,26.00
252:57,364,414,70,28.60,26.00
252:57,363,408,68,28.60,26.00
252:57,362,414,68,28.60,26.00
252:57,362,414,68,28.60,26.00
252:57,362,415,69,28.60,26.00
252:57,362,409,64,28.60,26.00
252:57,364,415,70,28.70,26.00
252:57,362,413,68,28.70,26.00
252:57,363,413,68,28.70,26.00
252:57,362,414,68,28.70,26.00
252:57,362,414,68,28.60,26.00
252:57,362,416,70,28.60,26.00
252:57,362,414,68,28.60,26.00
252:57,362,414,68,28.60,26.00
252:57,362,415,68,28.60,26.00
252:57,361,415,69,28.60,26.00
252:57,362,410,68,28.60,26.00
252:57,362,415,70,28.60,26.00
252:57,362,415,70,28.60,26.00
252:57,362,415,70,28.60,26.00
252:57,362,416,70,28.60,26.00
252:57,362,416,69,28.60,26.00
252:57,362,412,68,28.60,26.00
252:57,362,413,69,28.60,26.00
252:57,360,414,69,28.60,26.00
252:57,360,414,68,28.60,26.00
252:57,362,414,68,28.60,26.00
252:57,356,414,68,28.60,26.00
252:57,348,414,68,28.60,26.00
252:57,350,414,63,28.60,26.00
252:57,348,414,67,28.50,26.00
252:57,345,415,65,28.50,26.00
252:57,359,412,69,28.50,26.00
252:57,361,415,69,28.50,26.00
252:57,361,412,67,28.60,26.00
252:57,361,416,68,28.60,26.00
252:57,363,415,72,28.60,26.00
252:57,361,416,68,28.60,26.00
252:57,361,415,67,28.50,26.00
252:57,361,416,71,28.50,26.00
252:57,361,415,71,28.50,26.00
252:57,362,415,69,28.50,26.00
252:57,361,415,70,28.60,26.00
252:57,361,415,66,28.60,26.00
252:57,361,416,70,28.60,26.00
252:57,361,414,72,28.60,26.00
252:57,361,414,71,28.60,26.00
252:57,361,415,70,28.60,26.00
252:57,361,415,71,28.60,26.00
252:57,361,415,70,28.60,26.00
252:57,360,414,68,28.60,26.00
252:57,360,415,70,28.60,26.00
252:57,357,414,72,28.60,26.00
252:57,352,410,69,28.60,26.00
252:57,356,412,70,28.60,26.00
252:57,357,414,71,28.60,26.00
252:57,359,416,72,28.60,26.00
252:57,360,416,70,28.60,26.00
252:57,360,412,70,28.60,26.00
252:57,360,415,71,28.60,26.00
252:57,360,415,69,28.60,26.00
252:57,361,409,69,28.60,26.00
252:57,360,415,69,28.60,26.00
252:57,360,414,71,28.60,26.00
252:57,360,415,71,28.60,26.00
252:57,360,412,70,28.60,26.00
252:57,360,415,72,28.60,26.00
252:57,361,416,71,28.60,26.00
252:57,360,415,71,28.60,26.00
252:57,360,415,70,28.60,26.00
252:57,361,415,72,28.60,26.00
252:57,361,415,72,28.60,26.00
252:57,361,414,71,28.60,26.00
252:57,360,414,68,28.60,26.00
252:57,360,414,71,28.60,26.00
252:57,360,415,70,28.60,26.00
252:57,360,414,71,28.60,26.00
252:57,360,414,70,28.60,26.00
252:57,360,411,70,28.60,26.00
252:57,360,415,70,28.60,26.00
252:57,361,415,71,28.60,26.00
252:57,360,414,71,28.60,26.00
252:57,358,414,71,28.50,26.00
252:57,360,415,71,28.50,26.00
252:57,360,414,71,28.50,26.00
252:57,360,415,71,28.50,26.00
252:57,360,415,71,28.60,27.00
252:57,360,415,72,28.60,27.00
252:57,360,415,72,28.60,27.00
252:57,361,415,76,28.60,27.00
252:57,359,414,70,28.60,27.00
252:57,359,415,74,28.60,27.00
252:57,359,415,71,28.60,27.00
252:57,359,415,71,28.60,27.00
252:57,360,415,71,28.50,27.00
252:57,359,415,71,28.50,27.00
252:57,359,415,72,28.50,27.00
252:57,358,415,72,28.50,27.00
252:57,359,416,66,28.60,27.00
252:57,359,414,72,28.60,27.00
252:57,359,415,74,28.60,27.00
252:57,359,415,70,28.60,27.00
252:57,360,414,71,28.60,27.00
252:57,359,416,76,28.60,27.00
252:57,359,415,74,28.60,27.00
252:57,359,414,72,28.60,27.00
252:57,358,414,70,28.60,26.00
252:57,359,415,70,28.60,26.00
252:57,358,415,72,28.60,26.00
252:57,356,414,71,28.60,26.00
252:57,353,415,71,28.60,26.00
252:57,346,414,71,28.60,26.00
252:57,347,415,70,28.60,26.00
252:57,352,414,71,28.60,26.00
252:57,353,414,70,28.60,26.00
252:57,345,415,72,28.60,26.00
252:57,355,416,72,28.60,26.00
252:57,356,409,71,28.60,26.00
252:57,357,415,70,28.60,26.00
252:57,356,414,72,28.60,26.00
252:57,357,414,76,28.60,26.00
252:57,356,415,72,28.60,26.00
252:57,357,415,71,28.60,26.00
252:57,358,411,71,28.60,26.00
252:57,358,416,72,28.60,26.00
252:57,358,415,70,28.60,26.00
252:57,358,415,71,28.60,26.00
252:57,356,414,68,28.60,26.00
252:57,357,415,68,28.60,26.00
252:57,357,415,71,28.60,26.00
252:57,356,414,67,28.60,26.00
252:57,357,414,72,28.60,26.00
252:57,358,414,71,28.60,26.00
252:57,358,415,71,28.60,26.00
252:57,358,415,71,28.60,26.00
252:57,357,415,68,28.60,26.00
252:57,358,415,72,28.60,26.00
252:57,358,415,71,28.60,26.00
252:57,358,414,70,28.50,26.00
252:57,358,415,70,28.50,26.00
252:57,358,414,72,28.50,26.00
252:57,358,415,71,28.50,26.00
252:57,359,414,70,28.60,26.00
252:57,358,415,71,28.60,26.00
252:57,358,415,70,28.60,26.00
252:57,360,415,70,28.60,26.00
252:57,357,415,70,28.60,26.00
252:57,358,411,71,28.60,26.00
252:57,358,415,71,28.60,26.00
252:57,358,414,70,28.60,26.00
252:57,357,415,72,28.60,26.00
252:57,359,413,70,28.60,26.00
252:57,358,415,68,28.60,26.00
252:57,358,413,71,28.60,26.00
252:57,357,415,70,28.60,26.00
252:57,358,417,72,28.60,26.00
252:57,358,415,73,28.60,26.00
252:57,358,415,70,28.60,26.00
252:57,357,415,71,28.50,26.00
252:57,358,415,71,28.50,26.00
252:57,357,416,71,28.50,26.00
252:57,357,415,70,28.50,26.00
252:57,357,414,69,28.60,26.00
252:57,357,415,70,28.60,26.00
252:57,358,415,71,28.60,26.00
252:57,358,415,70,28.60,26.00
252:57,357,414,70,28.60,26.00
252:57,356,414,71,28.60,26.00
252:57,357,413,70,28.60,26.00
252:57,357,416,68,28.60,26.00
252:57,358,415,70,28.60,26.00
252:57,357,412,72,28.60,26.00
252:57,357,414,71,28.60,26.00
252:57,355,416,72,28.60,26.00
252:57,357,415,71,28.60,26.00
252:57,357,411,72,28.60,26.00
252:57,357,414,71,28.60,26.00
252:57,357,415,71,28.60,26.00
252:57,358,415,70,28.60,27.00
252:57,358,412,71,28.60,27.00
252:57,357,414,71,28.60,27.00
252:57,356,415,72,28.60,27.00
252:57,357,415,70,28.60,27.00
252:57,357,415,71,28.60,27.00
252:57,357,415,72,28.60,27.00
252:57,357,415,71,28.60,27.00
252:57,357,415,71,28.60,27.00
252:57,357,414,73,28.60,27.00
252:57,357,409,71,28.60,27.00
252:57,357,414,64,28.60,27.00
252:57,358,415,69,28.50,28.00
252:57,356,416,71,28.50,28.00
252:57,357,415,71,28.50,28.00
252:57,357,410,70,28.50,28.00
252:57,357,415,68,28.60,28.00
252:57,356,414,72,28.60,28.00
252:57,358,415,67,28.60,28.00
252:57,357,415,71,28.60,28.00
252:57,357,412,69,28.60,28.00
252:57,357,415,71,28.60,28.00
252:57,357,413,71,28.60,28.00
252:57,355,415,71,28.60,28.00
252:57,356,415,70,28.60,28.00
252:57,356,414,71,28.60,28.00
252:57,357,414,70,28.60,28.00
252:57,356,415,71,28.60,28.00
252:57,356,414,68,28.50,28.00
252:57,356,415,70,28.50,28.00
252:57,356,408,72,28.50,28.00
252:57,357,415,71,28.50,28.00
252:57,356,415,69,28.60,27.00
252:57,357,415,72,28.60,27.00
252:57,357,415,71,28.60,27.00
252:57,356,414,70,28.60,27.00
252:57,356,414,67,28.60,27.00
252:57,356,414,70,28.60,27.00
252:57,356,415,71,28.60,27.00
252:57,356,413,70,28.60,27.00
252:57,356,409,70,28.60,26.00
252:57,356,412,73,28.60,26.00
252:57,356,415,72,28.60,26.00
252:57,356,408,66,28.60,26.00
252:57,356,414,72,28.60,26.00
252:57,355,415,71,28.60,26.00
252:57,355,415,71,28.60,26.00
252:57,355,414,70,28.60,26.00
252:57,356,415,70,28.50,26.00
252:57,355,416,68,28.50,26.00
252:57,355,416,71,28.50,26.00
252:57,355,414,71,28.50,26.00
252:57,355,414,70,28.60,26.00
252:57,355,414,71,28.60,26.00
252:57,355,414,71,28.60,26.00
252:57,355,415,70,28.60,26.00
252:57,355,414,70,28.60,26.00
252:57,355,415,71,28.60,26.00
252:57,354,414,72,28.60,26.00
252:57,355,415,71,28.60,26.00
252:57,355,415,71,28.50,26.00
252:57,356,415,66,28.50,26.00
252:57,354,414,71,28.50,26.00
252:57,355,416,71,28.50,26.00
252:57,355,414,68,28.60,27.00
252:57,353,416,71,28.60,27.00
252:57,354,410,70,28.60,27.00
252:57,354,414,70,28.60,27.00
252:57,355,414,64,28.60,27.00
252:57,354,415,71,28.60,27.00
252:57,354,415,72,28.60,27.00
252:57,355,414,69,28.60,27.00
252:57,354,414,69,28.60,27.00
252:57,355,414,70,28.60,27.00
252:57,355,414,70,28.60,27.00
252:57,353,415,70,28.60,27.00
252:57,354,415,64,28.60,27.00
252:57,354,415,71,28.60,27.00
252:57,354,415,70,28.60,27.00
252:57,354,414,70,28.60,27.00
252:57,354,415,70,28.60,27.00
252:57,354,416,70,28.60,27.00
252:57,354,415,68,28.60,27.00
252:57,355,414,70,28.60,27.00
252:57,355,409,71,28.60,27.00
252:57,355,415,71,28.60,27.00
252:57,354,415,71,28.60,27.00
252:57,354,413,70,28.60,27.00
252:57,354,414,70,28.50,27.00
252:57,354,415,71,28.50,27.00
252:57,354,414,70,28.50,27.00
252:57,354,413,72,28.50,27.00
252:57,354,415,70,28.60,27.00
252:57,354,414,70,28.60,27.00
252:57,354,414,70,28.60,27.00
252:57,354,415,69,28.60,27.00
252:57,354,414,72,28.60,27.00
252:57,354,415,69,28.60,27.00
252:57,354,414,71,28.60,27.00
252:57,353,414,69,28.60,27.00
252:57,354,415,69,28.60,27.00
252:57,354,410,70,28.60,27.00
252:57,353,410,70,28.60,27.00
252:57,354,414,72,28.60,27.00
252:57,352,416,70,28.50,27.00
252:57,353,410,71,28.50,27.00
252:57,353,415,71,28.50,27.00
252:57,354,417,67,28.50,27.00
252:57,353,415,69,28.60,27.00
252:57,353,415,72,28.60,27.00
252:57,354,414,70,28.60,27.00
252:57,353,413,68,28.60,27.00
252:57,353,415,68,28.60,28.00
252:57,354,415,72,28.60,28.00
252:57,353,414,69,28.60,28.00
252:57,353,413,68,28.60,28.00
252:57,353,415,68,28.60,28.00
252:57,353,409,68,28.60,28.00
252:57,353,414,68,28.60,28.00
252:57,353,414,67,28.60,28.00
252:57,353,414,67,28.60,28.00
252:57,353,414,68,28.60,28.00
252:57,353,414,68,28.60,28.00
252:57,353,414,70,28.60,28.00
252:57,352,415,67,28.50,29.00
252:57,352,414,69,28.50,29.00
252:57,352,415,69,28.50,29.00
252:57,352,414,68,28.50,29.00
252:57,352,413,64,28.60,29.00
252:57,353,413,68,28.60,29.00
252:57,353,413,70,28.60,29.00
252:57,352,414,68,28.60,29.00
252:57,352,414,68,28.60,29.00
252:57,353,410,68,28.60,29.00
252:57,353,413,69,28.60,29.00
252:57,353,413,68,28.60,29.00
252:57,352,415,67,28.60,29.00
252:57,352,414,66,28.60,29.00
252:57,352,415,72,28.60,29.00
252:57,353,413,67,28.60,29.00
252:57,353,416,68,28.60,29.00
252:57,352,410,72,28.60,29.00
252:57,352,414,68,28.60,29.00
252:57,352,414,67,28.60,29.00
252:57,352,414,62,28.50,29.00
252:57,352,413,67,28.50,29.00
252:57,351,409,68,28.50,29.00
252:57,352,414,67,28.50,29.00
252:57,354,414,66,28.60,29.00
252:57,352,408,68,28.60,29.00
252:57,352,413,68,28.60,29.00
252:57,352,414,67,28.60,29.00
252:57,352,414,66,28.60,29.00
252:57,350,414,69,28.60,29.00
252:57,351,410,68,28.60,29.00
252:57,352,414,68,28.60,29.00
252:57,351,415,67,28.60,28.00
252:57,352,414,70,28.60,28.00
252:57,352,409,70,28.60,28.00
252:57,352,415,67,28.60,28.00
252:57,352,414,66,28.60,28.00
252:57,352,415,66,28.60,28.00
252:57,352,409,68,28.60,28.00
252:57,352,413,67,28.60,28.00
252:57,352,413,66,28.50,28.00
252:57,353,415,68,28.50,28.00
252:57,352,415,70,28.50,28.00
252:57,352,416,67,28.50,28.00
252:57,353,413,67,28.50,28.00
252:57,352,415,68,28.50,28.00
252:57,352,414,68,28.50,28.00
252:57,350,415,63,28.50,28.00
252:57,351,411,67,28.60,28.00
252:57,352,415,70,28.60,28.00
252:57,351,414,68,28.60,28.00
252:57,352,414,69,28.60,28.00
252:57,351,413,67,28.60,28.00
252:57,351,414,68,28.60,28.00
252:57,351,414,68,28.60,28.00
252:57,351,413,68,28.60,28.00
252:57,351,414,67,28.60,28.00
252:57,351,414,68,28.60,28.00
252:57,351,414,68,28.60,28.00
252:57,351,414,67,28.60,28.00
252:57,351,414,67,28.60,28.00
252:57,351,413,72,28.60,28.00
252:57,351,414,66,28.60,28.00
252:57,351,415,67,28.60,28.00
252:57,351,408,67,28.60,28.00
252:57,351,411,68,28.60,28.00
252:57,351,414,69,28.60,28.00
252:57,351,414,67,28.60,28.00
252:57,351,413,66,28.60,28.00
252:57,351,414,70,28.60,28.00
252:57,350,414,68,28.60,28.00
252:57,351,414,67,28.60,28.00
252:57,352,414,66,28.60,28.00
252:57,351,410,68,28.60,28.00
252:57,351,414,70,28.60,28.00
252:57,352,413,67,28.60,28.00
252:57,351,415,66,28.60,28.00
252:57,350,415,70,28.60,28.00
252:57,351,415,69,28.60,28.00
252:57,351,414,67,28.60,28.00
252:57,350,407,66,28.60,28.00
252:57,350,413,67,28.60,28.00
252:57,351,415,68,28.60,28.00
252:57,350,414,65,28.60,28.00
252:57,351,415,69,28.40,28.00
252:57,350,415,68,28.40,28.00
252:57,352,414,68,28.40,28.00
252:57,350,415,68,28.40,28.00
252:57,350,414,66,28.50,27.00
252:57,351,414,70,28.50,27.00
252:57,350,414,68,28.50,27.00
252:57,350,415,69,28.50,27.00
252:57,350,414,68,28.50,27.00
252:57,350,414,68,28.50,27.00
252:57,350,414,68,28.50,27.00
252:57,352,408,66,28.50,27.00
252:57,350,415,68,28.60,27.00
252:57,350,409,69,28.60,27.00
252:57,350,414,68,28.60,27.00
252:57,350,414,69,28.60,27.00
252:57,350,415,67,28.40,27.00
252:57,350,415,68,28.40,27.00
252:57,350,414,68,28.40,27.00
252:57,350,414,68,28.40,27.00
252:57,350,414,68,28.50,26.00
252:57,350,414,69,28.50,26.00
252:57,349,415,68,28.50,26.00
252:57,349,415,63,28.50,26.00
252:57,349,414,72,28.60,25.00
252:57,348,414,68,28.60,25.00
252:57,349,414,62,28.60,25.00
252:57,348,408,68,28.60,25.00
252:57,350,411,67,28.50,25.00
252:57,350,415,69,28.50,25.00
252:57,350,415,68,28.50,25.00
252:57,350,415,70,28.50,25.00
252:57,350,415,65,28.50,25.00
252:57,348,410,68,28.50,25.00
252:57,349,414,68,28.50,25.00
252:57,349,414,64,28.50,25.00
252:57,350,415,67,28.60,25.00
252:57,349,414,66,28.60,25.00
252:57,350,415,69,28.60,25.00
252:57,350,415,67,28.60,25.00
252:57,350,415,67,28.50,25.00
252:57,349,414,68,28.50,25.00
252:57,349,414,68,28.50,25.00
252:57,349,415,68,28.50,25.00
252:57,349,409,66,28.50,25.00
252:57,350,415,68,28.50,25.00
252:57,349,415,69,28.50,25.00
252:57,349,413,66,28.50,25.00
252:57,350,414,68,28.40,25.00
252:57,349,414,64,28.40,25.00
252:57,349,415,70,28.40,25.00
252:57,349,413,66,28.40,25.00
252:57,349,414,66,28.50,25.00
252:57,349,413,66,28.50,25.00
252:57,349,414,68,28.50,25.00
252:57,350,414,67,28.50,25.00
252:57,350,413,66,28.50,26.00
252:57,349,414,67,28.50,26.00
252:57,349,414,66,28.50,26.00
252:57,349,409,67,28.50,26.00
252:57,350,414,66,28.50,26.00
252:57,349,412,68,28.50,26.00
252:57,348,409,63,28.50,26.00
252:57,350,414,67,28.50,26.00
252:57,349,415,68,28.40,26.00
252:57,348,410,70,28.40,26.00
252:57,348,415,63,28.40,26.00
252:57,349,414,67,28.40,26.00
252:57,347,414,67,28.50,26.00
252:57,349,414,66,28.50,26.00
252:57,349,411,69,28.50,26.00
252:57,349,414,67,28.50,26.00
252:57,348,413,67,28.60,26.00
252:57,348,414,67,28.60,26.00
252:57,350,410,67,28.60,26.00
252:57,348,413,66,28.60,26.00
252:57,348,412,67,28.40,27.00
252:57,348,415,68,28.40,27.00
252:57,347,414,66,28.40,27.00
252:57,349,414,67,28.40,27.00
252:57,349,414,67,28.50,28.00
252:57,348,415,67,28.50,28.00
252:57,348,415,68,28.50,28.00
252:57,348,414,67,28.50,28.00
252:57,348,414,68,28.50,28.00
252:57,348,414,68,28.50,28.00
252:57,349,415,67,28.50,28.00
252:57,348,414,66,28.50,28.00
252:57,348,415,67,28.50,28.00
252:57,348,414,68,28.50,28.00
252:57,350,416,69,28.50,28.00
252:57,348,412,67,28.50,28.00
252:57,347,410,68,28.40,28.00
252:57,347,409,67,28.40,28.00
252:57,347,414,68,28.40,28.00
252:57,348,416,67,28.40,28.00
252:57,348,414,66,28.40,28.00
252:57,348,415,69,28.40,28.00
252:57,348,414,68,28.40,28.00
252:57,348,415,68,28.40,28.00
252:57,348,414,67,28.50,28.00
252:57,347,414,68,28.50,28.00
252:57,347,415,68,28.50,28.00
252:57,348,413,67,28.50,28.00
252:57,346,414,67,28.40,28.00
252:57,347,414,67,28.40,28.00
252:57,347,414,70,28.40,28.00
252:57,347,414,67,28.40,28.00
252:57,346,414,67,28.50,28.00
252:57,347,415,68,28.50,28.00
252:57,347,413,69,28.50,28.00
252:57,347,413,68,28.50,28.00
252:57,347,414,66,28.50,28.00
252:57,347,415,67,28.50,28.00
252:57,347,416,72,28.50,28.00
252:57,347,414,67,28.50,28.00
252:57,347,410,67,28.50,28.00
252:57,347,413,67,28.50,28.00
252:57,347,414,68,28.50,28.00
252:57,347,414,67,28.50,28.00
252:57,348,415,67,28.40,28.00
252:57,347,415,68,28.40,28.00
252:57,347,414,66,28.40,28.00
252:57,347,414,67,28.40,28.00
252:57,346,414,66,28.40,28.00
252:57,347,414,68,28.40,28.00
252:57,346,413,70,28.40,28.00
252:57,346,415,67,28.40,28.00
252:57,346,412,66,28.40,28.00
252:57,346,414,68,28.40,28.00
252:57,346,413,68,28.40,28.00
252:57,346,412,70,28.40,28.00
252:57,345,413,67,28.40,28.00
252:57,346,414,68,28.40,28.00
252:57,346,413,70,28.40,28.00
252:57,346,414,66,28.40,28.00
252:57,346,414,65,28.40,28.00
252:57,346,414,67,28.40,28.00
252:57,345,414,67,28.40,28.00
252:57,345,414,66,28.40,28.00
252:57,345,414,66,28.40,28.00
252:57,345,412,67,28.40,28.00
252:57,345,414,63,28.40,28.00
252:57,345,414,66,28.40,28.00
252:57,345,410,65,28.50,27.00
252:57,345,415,67,28.50,27.00
252:57,345,412,67,28.50,27.00
252:57,346,414,67,28.50,27.00
252:57,344,413,67,28.40,27.00
252:57,343,415,68,28.40,27.00
252:57,343,414,68,28.40,27.00
252:57,344,415,67,28.40,27.00
252:57,342,411,67,28.50,27.00
252:57,340,414,68,28.50,27.00
252:57,340,415,68,28.50,27.00
252:57,337,413,68,28.50,27.00
252:57,337,413,66,28.40,26.00
252:57,337,415,70,28.40,26.00
252:57,337,414,68,28.40,26.00
252:57,341,414,68,28.40,26.00
252:57,342,414,65,28.40,26.00
252:57,342,414,66,28.40,26.00
252:57,341,414,67,28.40,26.00
252:57,342,414,68,28.40,26.00
252:57,345,415,67,28.40,26.00
252:57,343,413,67,28.40,26.00
252:57,345,414,68,28.40,26.00
252:57,346,414,67,28.40,26.00
252:57,346,413,66,28.40,26.00
252:57,345,415,67,28.40,26.00
252:57,345,414,67,28.40,26.00
252:57,345,414,67,28.40,26.00
252:57,346,414,68,28.40,26.00
252:57,345,413,67,28.40,26.00
252:57,345,414,67,28.40,26.00
252:57,346,415,67,28.40,26.00
252:57,345,414,66,28.40,26.00
252:57,345,413,67,28.40,26.00
252:57,345,414,67,28.40,26.00
252:57,345,415,67,28.40,26.00
252:57,346,415,66,28.40,27.00
252:57,345,415,69,28.40,27.00
252:57,345,413,67,28.40,27.00
252:57,345,414,66,28.40,27.00
252:57,345,415,66,28.40,27.00
252:57,345,414,67,28.40,27.00
252:57,344,415,62,28.40,27.00
252:57,346,413,66,28.40,27.00
252:57,343,414,67,28.40,27.00
252:57,344,414,67,28.40,27.00
252:57,345,410,67,28.40,27.00
252:57,344,414,66,28.40,27.00
252:57,345,414,66,28.40,26.00
252:57,345,415,68,28.40,26.00
252:57,343,411,67,28.40,26.00
252:57,345,413,66,28.40,26.00
252:57,345,415,67,28.40,26.00
252:57,345,414,68,28.40,26.00
252:57,345,415,68,28.40,26.00
252:57,346,414,66,28.40,26.00
252:57,344,411,66,28.40,25.00
252:57,345,415,67,28.40,25.00
252:57,345,414,67,28.40,25.00
252:57,344,415,66,28.40,25.00
252:57,343,414,66,28.40,25.00
252:57,344,416,66,28.40,25.00
252:57,344,414,66,28.40,25.00
252:57,344,415,66,28.40,25.00
252:57,344,414,67,28.40,25.00
252:57,344,414,67,28.40,25.00
252:57,345,415,68,28.40,25.00
252:57,344,414,67,28.40,25.00
252:57,345,414,67,28.40,25.00
252:57,344,414,70,28.40,25.00
252:57,345,414,70,28.40,25.00
252:57,344,414,68,28.40,25.00
252:57,345,412,67,28.50,25.00
252:57,344,414,70,28.50,25.00
252:57,345,415,68,28.50,25.00
252:57,343,414,67,28.50,25.00
252:57,345,412,67,28.40,25.00
252:57,344,414,68,28.40,25.00
252:57,345,415,68,28.40,25.00
252:57,344,414,68,28.40,25.00
252:57,344,414,66,28.40,25.00
252:57,344,414,72,28.40,25.00
252:57,344,414,68,28.40,25.00
252:57,344,412,68,28.40,25.00
252:57,344,414,67,28.50,25.00
252:57,344,415,68,28.50,25.00
252:57,344,414,70,28.50,25.00
252:57,344,413,63,28.50,25.00
252:57,344,414,67,28.40,25.00
252:57,344,414,69,28.40,25.00
252:57,344,414,63,28.40,25.00
252:57,344,411,70,28.40,25.00
252:57,344,414,67,28.40,25.00
252:57,342,412,68,28.40,25.00
252:57,344,415,72,28.40,25.00
252:57,342,415,67,28.40,25.00
252:57,344,414,65,28.40,26.00
252:57,343,414,69,28.40,26.00
252:57,343,415,68,28.40,26.00
252:57,344,415,67,28.40,26.00
252:57,343,414,66,28.40,26.00
252:57,343,411,63,28.40,26.00
252:57,343,415,70,28.40,26.00
252:57,342,414,68,28.40,26.00
252:57,343,415,66,28.40,26.00
252:57,343,414,68,28.40,26.00
252:57,343,415,68,28.40,26.00
252:57,343,414,67,28.40,26.00
252:57,343,415,67,28.40,26.00
252:57,344,413,67,28.40,26.00
252:57,343,414,68,28.40,26.00
252:57,344,414,67,28.40,26.00
252:57,342,414,66,28.40,26.00
252:57,343,414,67,28.40,26.00
252:57,342,414,62,28.40,26.00
252:57,342,414,67,28.40,26.00
252:57,342,415,67,28.40,26.00
252:57,342,414,68,28.40,26.00
252:57,341,415,68,28.40,26.00
252:57,339,414,69,28.40,26.00
252:57,331,414,67,28.40,26.00
252:57,337,414,66,28.40,26.00
252:57,339,414,68,28.40,26.00
252:57,336,414,67,28.40,26.00
252:57,337,414,66,28.40,26.00
252:57,339,414,67,28.40,26.00
252:57,342,414,68,28.40,26.00
252:57,342,414,67,28.40,26.00
252:57,344,415,67,28.40,27.00
252:57,342,414,68,28.40,27.00
252:57,342,415,68,28.40,27.00
252:57,343,408,67,28.40,27.00
252:57,342,414,64,28.40,26.00
252:57,343,415,63,28.40,26.00
252:57,342,412,67,28.40,26.00
252:57,341,415,67,28.40,26.00
252:57,343,410,67,28.40,27.00
252:57,342,414,70,28.40,27.00
252:57,343,414,69,28.40,27.00
252:57,342,414,68,28.40,27.00
252:57,342,415,67,28.40,27.00
252:57,343,414,68,28.40,27.00
252:57,342,414,69,28.40,27.00
252:57,342,415,67,28.40,27.00
252:57,342,414,67,28.40,27.00
252:57,342,414,68,28.40,27.00
252:57,341,414,69,28.40,27.00
252:57,342,414,67,28.40,27.00
252:57,342,415,66,28.40,27.00
252:57,340,416,69,28.40,27.00
252:57,341,414,69,28.40,27.00
252:57,341,412,69,28.40,27.00
252:57,341,415,68,28.40,27.00
252:57,341,415,69,28.40,27.00
252:57,342,413,68,28.40,27.00
252:57,341,413,67,28.40,27.00
252:57,341,414,67,28.40,27.00
252:57,341,414,67,28.40,27.00
252:57,341,414,68,28.40,27.00
252:57,341,408,68,28.40,27.00
252:57,341,414,66,28.40,27.00
252:57,341,416,67,28.40,27.00
252:57,341,415,68,28.40,27.00
252:57,341,412,63,28.40,27.00
252:57,341,414,63,28.40,27.00
252:57,341,414,67,28.40,27.00
252:57,341,414,63,28.40,27.00
252:57,341,414,62,28.40,27.00
252:57,341,414,66,28.50,27.00
252:57,341,414,68,28.50,27.00
252:57,341,414,68,28.50,27.00
252:57,341,415,67,28.50,27.00
252:57,340,414,67,28.40,27.00
252:57,341,415,69,28.40,27.00
252:57,341,414,68,28.40,27.00
252:57,341,413,67,28.40,27.00
252:57,341,413,67,28.40,27.00
252:57,341,414,68,28.40,27.00
252:57,342,415,69,28.40,27.00
252:57,341,414,67,28.40,27.00
252:57,341,413,66,28.40,27.00
252:57,341,413,68,28.40,27.00
252:57,341,416,68,28.40,27.00
252:57,341,413,68,28.40,27.00
252:57,341,413,67,28.40,27.00
252:57,341,416,69,28.40,27.00
252:57,341,414,69,28.40,27.00
252:57,341,414,67,28.40,27.00
252:57,341,414,66,28.40,27.00
252:57,341,410,68,28.40,27.00
252:57,341,414,68,28.40,27.00
252:57,341,414,67,28.40,27.00
252:57,342,414,68,28.40,27.00
252:57,341,415,63,28.40,27.00
252:57,341,415,68,28.40,27.00
252:57,341,414,67,28.40,27.00
252:57,342,410,67,28.40,27.00
252:57,341,415,70,28.40,27.00
252:57,341,415,68,28.40,27.00
252:57,341,415,67,28.40,27.00
252:57,340,414,66,28.40,27.00
252:57,340,415,68,28.40,27.00
252:57,340,414,68,28.40,27.00
252:57,341,414,68,28.40,27.00
252:57,341,408,67,28.40,27.00
252:57,340,414,68,28.40,27.00
252:57,342,415,69,28.40,27.00
252:57,340,413,67,28.40,27.00
252:57,342,414,67,28.50,27.00
252:57,340,415,66,28.50,27.00
252:57,342,415,67,28.50,27.00
252:57,341,415,66,28.50,27.00
252:57,341,414,67,28.40,27.00
252:57,340,415,68,28.40,27.00
252:57,342,413,69,28.40,27.00
252:57,340,415,68,28.40,27.00
252:57,340,410,69,28.40,27.00
252:57,340,415,69,28.40,27.00
252:57,340,416,69,28.40,27.00
252:57,340,413,70,28.40,27.00
252:57,340,414,67,28.40,27.00
252:57,341,409,69,28.40,27.00
252:57,341,414,68,28.40,27.00
252:57,340,415,68,28.40,27.00
252:57,340,414,67,28.50,27.00
252:57,340,415,68,28.50,27.00
252:57,340,415,70,28.50,27.00
252:57,340,414,68,28.50,27.00
252:57,340,410,68,28.40,27.00
252:57,340,416,68,28.40,27.00
252:57,341,415,69,28.40,27.00
252:57,341,414,68,28.40,27.00
252:57,340,413,67,28.40,27.00
252:57,340,409,68,28.40,27.00
252:57,341,415,69,28.40,27.00
252:57,339,414,70,28.40,27.00
252:57,341,415,66,28.40,27.00
252:57,340,410,68,28.40,27.00
252:57,340,415,68,28.40,27.00
252:57,340,414,67,28.40,27.00
252:57,340,411,67,28.40,27.00
252:57,340,412,72,28.40,27.00
252:57,339,415,68,28.40,27.00
252:57,340,414,67,28.40,27.00
252:57,339,415,67,28.40,26.00
252:57,339,414,69,28.40,26.00
252:57,339,413,70,28.40,26.00
252:57,339,415,67,28.40,26.00
252:57,340,415,67,28.40,25.00
252:57,339,414,68,28.40,25.00
252:57,339,415,68,28.40,25.00
252:57,339,414,63,28.40,25.00
252:57,339,413,67,28.40,25.00
252:57,339,414,68,28.40,25.00
252:57,338,414,65,28.40,25.00
252:57,339,413,68,28.40,25.00
252:57,338,410,66,28.40,24.00
252:57,338,414,68,28.40,24.00
252:57,338,414,68,28.40,24.00
252:57,338,410,67,28.40,24.00
252:57,338,414,68,28.40,24.00
252:57,337,413,68,28.40,24.00
252:57,338,416,69,28.40,24.00
252:57,338,414,67,28.40,24.00
252:57,338,415,66,28.40,24.00
252:57,338,414,70,28.40,24.00
252:57,338,413,68,28.40,24.00
252:57,338,409,68,28.40,24.00
252:57,338,413,67,28.40,24.00
252:57,338,415,68,28.40,24.00
252:57,339,414,69,28.40,24.00
252:57,339,413,67,28.40,24.00
252:57,339,414,67,28.40,24.00
252:57,339,414,68,28.40,24.00
252:57,338,414,69,28.40,24.00
252:57,338,414,67,28.40,24.00
252:57,337,413,62,28.40,25.00
252:57,337,414,69,28.40,25.00
252:57,336,414,67,28.40,25.00
252:57,336,415,67,28.40,25.00
252:57,335,414,62,28.40,25.00
252:57,335,414,67,28.40,25.00
252:57,335,415,68,28.40,25.00
252:57,335,412,66,28.40,25.00
252:57,336,414,68,28.40,26.00
252:57,335,413,68,28.40,26.00
252:57,335,414,68,28.40,26.00
252:57,335,414,68,28.40,26.00
252:57,336,414,67,28.40,26.00
252:57,336,415,68,28.40,26.00
252:57,335,415,70,28.40,26.00
252:57,336,408,64,28.40,26.00
252:57,336,414,68,28.40,26.00
252:57,336,414,70,28.40,26.00
252:57,335,413,70,28.40,26.00
252:57,335,415,67,28.40,26.00
252:57,336,415,67,28.40,26.00
252:57,337,415,65,28.40,26.00
252:57,336,415,68,28.40,26.00
252:57,336,414,67,28.40,26.00
252:57,336,415,67,28.40,26.00
252:57,336,415,70,28.40,26.00
252:57,336,415,68,28.40,26.00
252:57,336,412,67,28.40,26.00
252:57,337,412,68,28.40,26.00
252:57,336,414,69,28.40,26.00
252:57,336,414,67,28.40,26.00
252:57,335,414,67,28.40,26.00
252:57,336,415,67,28.40,26.00
252:57,336,415,68,28.40,26.00
252:57,336,414,68,28.40,26.00
252:57,335,415,69,28.40,26.00
252:57,336,413,67,28.40,26.00
252:57,336,415,68,28.40,26.00
252:57,336,414,68,28.40,26.00
252:57,336,414,67,28.40,26.00
252:57,336,413,65,28.40,26.00
252:57,336,415,69,28.40,26.00
252:57,336,414,68,28.40,26.00
252:57,336,415,68,28.40,26.00
252:57,337,414,68,28.40,27.00
252:57,336,414,63,28.40,27.00
252:57,336,414,68,28.40,27.00
252:57,335,415,67,28.40,27.00
252:57,336,413,62,28.40,27.00
252:57,337,415,68,28.40,27.00
252:57,336,415,68,28.40,27.00
252:57,337,414,67,28.40,27.00
252:57,337,413,66,28.40,27.00
252:57,336,415,67,28.40,27.00
252:57,336,412,68,28.40,27.00
252:57,336,415,68,28.40,27.00
252:57,336,414,67,28.40,27.00
252:57,337,415,68,28.40,27.00
252:57,336,414,70,28.40,27.00
252:57,337,413,67,28.40,27.00
252:57,338,414,67,28.40,27.00
252:57,336,413,69,28.40,27.00
252:57,336,414,69,28.40,27.00
252:57,336,408,67,28.40,27.00
252:57,336,413,66,28.40,27.00
252:57,336,414,68,28.40,27.00
252:57,336,414,69,28.40,27.00
252:57,336,410,67,28.40,27.00
252:57,336,414,67,28.50,27.00
252:57,336,411,69,28.50,27.00
252:57,335,415,66,28.50,27.00
252:57,336,413,67,28.50,27.00
252:57,335,413,67,28.40,28.00
252:57,335,415,68,28.40,28.00
252:57,336,416,67,28.40,28.00
252:57,336,414,68,28.40,28.00
252:57,335,413,66,28.40,28.00
252:57,336,412,68,28.40,28.00
252:57,335,415,68,28.40,28.00
252:57,335,414,67,28.40,28.00
252:57,336,411,67,28.40,28.00
252:57,335,415,69,28.40,28.00
252:57,335,415,68,28.40,28.00
252:57,335,414,68,28.40,28.00
252:57,335,414,67,28.40,28.00
252:57,335,414,69,28.40,28.00
252:57,335,413,68,28.40,28.00
252:57,335,415,67,28.40,28.00
252:57,335,414,62,28.40,28.00
252:57,335,415,63,28.40,28.00
252:57,334,413,68,28.40,28.00
252:57,334,415,69,28.40,28.00
252:57,335,413,67,28.40,28.00
252:57,334,413,68,28.40,28.00
252:57,335,415,68,28.40,28.00
252:57,334,414,62,28.40,28.00
252:57,334,414,66,28.40,28.00
252:57,334,415,68,28.40,28.00
252:57,334,415,72,28.40,28.00
252:57,334,410,69,28.40,28.00
252:57,335,414,66,28.40,28.00
252:57,334,414,67,28.40,28.00
252:57,335,415,68,28.40,28.00
252:57,333,414,67,28.40,28.00
252:57,332,413,66,28.40,28.00
252:57,334,414,70,28.40,28.00
252:57,332,414,67,28.40,28.00
252:57,332,415,69,28.40,28.00
252:57,331,415,66,28.40,28.00
252:57,329,414,70,28.40,28.00
252:57,326,415,69,28.40,28.00
252:57,327,413,67,28.40,28.00
252:57,327,408,66,28.50,28.00
252:57,325,414,68,28.50,28.00
252:57,260,414,65,28.50,28.00
252:57,238,414,68,28.50,28.00
252:57,249,414,67,28.40,27.00
252:57,267,415,68,28.40,27.00
252:57,250,414,68,28.40,27.00
252:57,217,413,68,28.40,27.00
252:57,297,413,67,28.40,26.00
252:57,304,413,66,28.40,26.00
252:57,305,408,66,28.40,26.00
252:57,308,414,64,28.40,26.00
252:57,308,414,64,28.40,26.00
252:57,307,414,64,28.40,26.00
252:57,310,414,65,28.40,26.00
252:57,323,413,64,28.40,26.00
252:57,331,414,66,28.40,25.00
252:57,331,414,66,28.40,25.00
252:57,331,415,67,28.40,25.00
252:57,328,413,67,28.40,25.00
252:57,326,413,65,28.40,25.00
252:57,330,414,66,28.40,25.00
252:57,330,412,67,28.40,25.00
252:57,331,414,68,28.40,25.00
252:57,332,415,65,28.40,25.00
252:57,332,414,65,28.40,25.00
252:57,332,414,62,28.40,25.00
252:57,333,413,67,28.40,25.00
252:57,332,415,67,28.40,25.00
252:57,333,414,67,28.40,25.00
252:57,332,414,68,28.40,25.00
252:57,334,414,66,28.40,25.00
252:57,333,414,67,28.40,25.00
252:57,333,414,70,28.40,25.00
252:57,332,413,68,28.40,25.00
252:57,332,413,67,28.40,25.00
252:57,332,415,67,28.40,25.00
252:57,333,414,68,28.40,25.00
252:57,333,413,69,28.40,25.00
252:57,334,414,67,28.40,25.00
252:57,333,414,66,28.40,26.00
252:57,333,409,68,28.40,26.00
252:57,333,414,67,28.40,26.00
252:57,334,414,67,28.40,26.00
252:57,333,417,68,28.40,26.00
252:57,332,414,68,28.40,26.00
252:57,333,415,68,28.40,26.00
252:57,333,413,65,28.40,26.00
252:57,333,413,67,28.30,26.00
252:57,333,414,69,28.30,26.00
252:57,332,414,67,28.30,26.00
252:57,331,413,67,28.30,26.00
252:57,334,414,67,28.40,26.00
252:57,332,414,70,28.40,26.00
252:57,332,414,69,28.40,26.00
252:57,334,414,67,28.40,26.00
252:57,331,414,66,28.40,26.00
252:57,332,414,69,28.40,26.00
252:57,332,414,68,28.40,26.00
252:57,332,414,62,28.40,26.00
252:57,332,415,67,28.40,26.00
252:57,333,415,69,28.40,26.00
252:57,332,414,69,28.40,26.00
252:57,332,414,66,28.40,26.00
252:57,332,413,67,28.40,26.00
252:57,332,409,72,28.40,26.00
252:57,332,410,68,28.40,26.00
252:57,332,414,66,28.40,26.00
252:57,332,414,67,28.40,26.00
252:57,330,415,68,28.40,26.00
252:57,332,414,72,28.40,26.00
252:57,331,414,66,28.40,26.00
252:57,332,413,66,28.40,26.00
252:57,332,414,67,28.40,26.00
252:57,331,414,63,28.40,26.00
252:57,331,415,67,28.40,26.00
252:57,331,414,66,28.40,26.00
252:57,332,414,70,28.40,26.00
252:57,331,414,68,28.40,26.00
252:57,331,413,66,28.40,26.00
252:57,331,414,66,28.40,26.00
252:57,331,414,65,28.40,26.00
252:57,331,414,68,28.40,26.00
252:57,331,414,67,28.40,26.00
252:57,331,410,67,28.40,26.00
252:57,332,415,69,28.40,26.00
252:57,331,412,68,28.40,26.00
252:57,330,414,66,28.40,26.00
252:57,331,412,66,28.40,26.00
252:57,331,414,67,28.40,26.00
252:57,331,415,70,28.40,26.00
252:57,331,414,68,28.40,26.00
252:57,331,414,66,28.40,26.00
252:57,331,414,66,28.40,26.00
252:57,331,415,68,28.40,26.00
252:57,330,415,68,28.40,26.00
252:57,331,416,67,28.40,26.00
252:57,331,413,67,28.40,26.00
252:57,331,415,69,28.40,26.00
252:57,331,414,67,28.40,26.00
252:57,331,414,66,28.40,26.00
252:57,331,414,67,28.40,26.00
252:57,329,414,63,28.40,26.00
252:57,331,412,67,28.40,26.00
252:57,331,415,67,28.40,26.00
252:57,330,414,70,28.40,26.00
252:57,330,414,68,28.40,26.00
252:57,331,414,66,28.40,26.00
252:57,330,414,66,28.40,26.00
252:57,331,412,67,28.40,26.00
252:57,331,414,70,28.40,26.00
252:57,330,415,68,28.40,26.00
252:57,330,412,67,28.40,26.00
252:57,329,414,67,28.40,26.00
252:57,330,414,68,28.40,26.00
252:57,331,414,67,28.40,26.00
252:57,330,413,66,28.40,26.00
252:57,330,415,67,28.40,26.00
252:57,330,414,67,28.40,26.00
252:57,330,414,67,28.40,26.00
252:57,330,414,67,28.40,26.00
252:57,330,415,68,28.40,26.00
252:57,329,413,69,28.40,26.00
252:57,330,414,66,28.40,26.00
252:57,330,414,66,28.40,27.00
252:57,330,414,67,28.40,27.00
252:57,330,414,68,28.40,27.00
252:57,329,411,66,28.40,27.00
252:57,329,414,67,28.40,27.00
252:57,329,413,67,28.40,27.00
252:57,329,410,69,28.40,27.00
252:57,329,415,67,28.40,27.00
252:57,329,415,67,28.40,27.00
252:57,329,414,67,28.40,27.00
252:57,330,414,67,28.40,27.00
252:57,329,414,67,28.40,27.00
252:57,331,414,68,28.40,27.00
252:57,330,414,67,28.40,27.00
252:57,329,412,67,28.40,27.00
252:57,328,414,66,28.40,27.00
252:57,331,415,67,28.40,27.00
252:57,331,414,68,28.40,27.00
252:57,330,414,68,28.40,27.00
252:57,330,413,62,28.40,27.00
252:57,330,415,67,28.40,27.00
252:57,330,414,69,28.40,27.00
252:57,330,415,68,28.40,27.00
252:57,330,408,67,28.40,27.00
252:57,329,414,67,28.40,27.00
252:57,330,409,67,28.40,27.00
252:57,329,412,68,28.40,27.00
252:57,330,414,67,28.40,27.00
252:57,330,413,67,28.40,27.00
252:57,329,414,68,28.40,27.00
252:57,329,414,68,28.40,27.00
252:57,330,414,67,28.40,27.00
252:57,329,414,67,28.40,27.00
252:57,329,415,69,28.40,27.00
252:57,329,415,68,28.40,27.00
252:57,329,413,66,28.40,27.00
252:57,329,414,67,28.50,28.00
252:57,329,414,68,28.50,28.00
252:57,329,414,69,28.50,28.00
252:57,329,414,67,28.50,28.00
252:57,329,413,66,28.40,28.00
252:57,330,414,68,28.40,28.00
252:57,329,413,67,28.40,28.00
252:57,329,415,67,28.40,28.00
252:57,330,415,68,28.40,27.00
252:57,327,415,72,28.40,27.00
252:57,329,414,67,28.40,27.00
252:57,329,411,67,28.40,27.00
252:57,330,413,66,28.40,27.00
252:57,329,414,68,28.40,27.00
252:57,329,415,68,28.40,27.00
252:57,329,414,66,28.40,27.00
252:57,329,414,67,28.40,27.00
252:57,329,411,68,28.40,27.00
252:57,329,414,68,28.40,27.00
252:57,328,408,67,28.40,27.00
252:57,329,408,66,28.40,27.00
252:57,328,414,67,28.40,27.00
252:57,329,414,67,28.40,27.00
252:57,329,413,66,28.40,27.00
252:57,327,414,66,28.40,27.00
252:57,327,415,65,28.40,27.00
252:57,329,414,67,28.40,27.00
252:57,329,413,67,28.40,27.00
252:57,329,414,66,28.40,27.00
252:57,329,412,67,28.40,27.00
252:57,328,413,69,28.40,27.00
252:57,327,414,67,28.40,27.00
252:57,328,415,68,28.40,27.00
252:57,328,415,67,28.40,27.00
252:57,328,415,69,28.40,27.00
252:57,329,413,67,28.40,27.00
252:57,327,414,66,28.40,27.00
252:57,328,413,67,28.40,27.00
252:57,328,415,68,28.40,27.00
252:57,330,414,67,28.40,27.00
252:57,328,414,66,28.40,27.00
252:57,328,410,67,28.40,27.00
252:57,328,414,68,28.40,27.00
252:57,329,415,67,28.40,27.00
252:57,328,414,66,28.40,26.00
252:57,328,411,67,28.40,26.00
252:57,328,414,67,28.40,26.00
252:57,326,413,64,28.40,26.00
252:57,328,414,66,28.40,26.00
252:57,329,415,70,28.40,26.00
252:57,328,415,69,28.40,26.00
252:57,328,414,67,28.40,26.00
252:57,328,414,66,28.40,26.00
252:57,328,415,68,28.40,26.00
252:57,328,414,67,28.40,26.00
252:57,328,413,67,28.40,26.00
252:57,327,413,66,28.40,26.00
252:57,327,413,67,28.40,26.00
252:57,327,414,67,28.40,26.00
252:57,326,410,67,28.40,26.00
252:57,323,414,67,28.40,26.00
252:57,318,415,67,28.40,26.00
252:57,322,415,67,28.40,26.00
252:57,323,409,67,28.40,26.00
252:57,324,414,66,28.40,26.00
252:57,325,411,68,28.40,26.00
252:57,327,414,68,28.40,26.00
252:57,327,414,67,28.40,26.00
252:57,327,415,67,28.40,26.00
252:57,328,415,67,28.40,26.00
252:57,328,416,68,28.40,26.00
252:57,327,408,67,28.40,26.00
252:57,327,414,66,28.40,26.00
252:57,328,414,68,28.40,26.00
252:57,327,414,63,28.40,26.00
252:57,327,413,67,28.40,26.00
252:57,327,413,68,28.40,26.00
252:57,327,414,67,28.40,26.00
252:57,327,414,67,28.40,26.00
252:57,327,414,66,28.40,26.00
252:57,327,414,66,28.40,27.00
252:57,328,413,67,28.40,27.00
252:57,327,412,68,28.40,27.00
252:57,327,414,68,28.40,27.00
252:57,326,414,67,28.40,27.00
252:57,327,414,67,28.40,27.00
252:57,327,415,69,28.40,27.00
252:57,327,413,67,28.40,27.00
252:57,327,413,68,28.40,27.00
252:57,327,413,67,28.40,27.00
252:57,326,414,66,28.40,27.00
252:57,326,413,67,28.40,27.00
252:57,326,413,66,28.40,27.00
252:57,328,410,63,28.40,27.00
252:57,326,408,67,28.40,27.00
252:57,327,410,66,28.40,27.00
252:57,326,415,66,28.40,27.00
252:57,326,414,69,28.40,27.00
252:57,326,414,68,28.40,27.00
252:57,326,408,67,28.40,27.00
252:57,327,414,66,28.30,26.00
252:57,326,410,67,28.30,26.00
252:57,326,413,63,28.30,26.00
252:57,328,414,67,28.30,26.00
252:57,326,414,66,28.40,26.00
252:57,327,414,67,28.40,26.00
252:57,326,414,67,28.40,26.00
252:57,325,414,67,28.40,26.00
252:57,327,414,68,28.30,26.00
252:57,326,414,63,28.30,26.00
252:57,326,414,67,28.30,26.00
252:57,324,414,67,28.30,26.00
252:57,326,411,66,28.40,26.00
252:57,326,415,66,28.40,26.00
252:57,326,413,68,28.40,26.00
252:57,326,413,70,28.40,26.00
252:57,325,415,72,28.40,26.00
252:57,326,408,67,28.40,26.00
252:57,327,414,68,28.40,26.00
252:57,326,414,67,28.40,26.00
252:57,327,413,66,28.40,26.00
252:57,326,414,68,28.40,26.00
252:57,326,415,67,28.40,26.00
252:57,326,414,66,28.40,26.00
252:57,326,412,66,28.40,26.00
252:57,325,414,67,28.40,26.00
252:57,323,414,67,28.40,26.00
252:57,326,411,67,28.40,26.00
252:57,326,415,66,28.40,26.00
252:57,326,414,67,28.40,26.00
252:57,326,413,67,28.40,26.00
252:57,326,413,68,28.40,26.00
252:57,326,410,64,28.40,26.00
252:57,326,414,64,28.40,26.00
252:57,326,415,68,28.40,26.00
252:57,325,414,67,28.40,26.00
252:57,325,413,67,28.40,26.00
252:57,324,414,67,28.40,26.00
252:57,325,413,68,28.40,26.00
252:57,325,412,62,28.40,26.00
252:57,325,408,66,28.40,26.00
252:57,325,413,67,28.40,26.00
252:57,324,413,67,28.40,26.00
252:57,325,413,66,28.40,26.00
252:57,325,413,66,28.30,26.00
252:57,325,414,67,28.30,26.00
252:57,325,415,64,28.30,26.00
252:57,324,414,66,28.30,26.00
252:57,325,410,67,28.40,26.00
252:57,325,414,68,28.40,26.00
252:57,326,414,67,28.40,26.00
252:57,325,413,66,28.40,26.00
252:57,325,414,66,28.40,26.00
252:57,326,415,68,28.40,26.00
252:57,326,414,67,28.40,26.00
252:57,325,414,66,28.40,26.00
252:57,326,414,67,28.40,26.00
252:57,325,415,67,28.40,26.00
252:57,325,414,67,28.40,26.00
252:57,325,414,67,28.40,26.00
252:57,325,413,66,28.40,27.00
252:57,324,414,67,28.40,27.00
252:57,325,414,67,28.40,27.00
252:57,325,413,67,28.40,27.00
252:57,325,414,66,28.40,27.00
252:57,325,415,69,28.40,27.00
252:57,324,414,68,28.40,27.00
252:57,325,414,67,28.40,27.00
252:57,325,412,67,28.40,27.00
252:57,325,415,68,28.40,27.00
252:57,325,415,67,28.40,27.00
252:57,324,413,66,28.40,27.00
252:57,324,412,62,28.40,27.00
252:57,324,414,67,28.40,27.00
252:57,324,414,68,28.40,27.00
252:57,324,412,67,28.40,27.00
252:57,325,414,67,28.30,27.00
252:57,324,413,62,28.30,27.00
252:57,324,415,66,28.30,27.00
252:57,325,414,67,28.30,27.00
252:57,325,415,68,28.30,27.00
252:57,324,411,63,28.30,27.00
252:57,325,416,70,28.30,27.00
252:57,326,414,67,28.30,27.00
252:57,322,413,66,28.30,27.00
252:57,324,414,66,28.30,27.00
252:57,324,412,62,28.30,27.00
252:57,324,415,67,28.30,27.00
252:57,324,413,66,28.40,27.00
252:57,324,414,67,28.40,27.00
252:57,325,413,68,28.40,27.00
252:57,324,414,66,28.40,27.00
252:57,324,414,67,28.40,27.00
252:57,324,415,67,28.40,27.00
252:57,325,415,67,28.40,27.00
252:57,324,415,67,28.40,27.00
252:57,322,414,66,28.40,26.00
252:57,324,415,68,28.40,26.00
252:57,324,413,66,28.40,26.00
252:57,324,414,68,28.40,26.00
252:57,322,414,67,28.30,27.00
252:57,324,415,67,28.30,27.00
252:57,324,415,70,28.30,27.00
252:57,323,413,67,28.30,27.00
252:57,324,408,66,28.40,26.00
252:57,324,414,68,28.40,26.00
252:57,324,414,67,28.40,26.00
252:57,324,413,66,28.40,26.00
252:57,324,414,66,28.40,27.00
252:57,324,414,67,28.40,27.00
252:57,324,414,67,28.40,27.00
252:57,323,414,66,28.40,27.00
252:57,324,415,66,28.40,26.00
252:57,322,413,66,28.40,26.00
252:57,324,414,67,28.40,26.00
252:57,323,415,67,28.40,26.00
252:57,323,414,67,28.40,26.00
252:57,323,413,67,28.40,26.00
252:57,323,414,67,28.40,26.00
252:57,323,413,64,28.40,26.00
252:57,323,414,66,28.40,27.00
252:57,324,413,67,28.40,27.00
252:57,324,413,67,28.40,27.00
252:57,324,414,66,28.40,27.00
252:57,323,415,66,28.30,27.00
252:57,323,414,67,28.30,27.00
252:57,323,410,67,28.30,27.00
252:57,323,414,66,28.30,27.00
252:57,323,414,68,28.40,27.00
252:57,323,415,67,28.40,27.00
252:57,323,414,67,28.40,27.00
252:57,323,414,68,28.40,27.00
252:57,321,414,67,28.30,27.00
252:57,323,410,68,28.30,27.00
252:57,323,414,69,28.30,27.00
252:57,323,409,66,28.30,27.00
252:57,322,414,67,28.40,27.00
252:57,323,414,67,28.40,27.00
252:57,321,414,67,28.40,27.00
252:57,322,415,66,28.40,27.00
252:57,322,413,67,28.40,27.00
252:57,322,414,67,28.40,27.00
252:57,322,414,68,28.40,27.00
252:57,322,413,67,28.40,27.00
252:57,323,413,67,28.40,27.00
252:57,322,414,68,28.40,27.00
252:57,324,409,68,28.40,27.00
252:57,320,414,66,28.40,27.00
252:57,322,414,67,28.30,27.00
252:57,321,415,68,28.30,27.00
252:57,322,414,68,28.30,27.00
252:57,322,413,67,28.30,27.00
252:57,322,415,66,28.40,27.00
252:57,322,415,67,28.40,27.00
252:57,321,415,67,28.40,27.00
252:57,322,413,66,28.40,27.00
252:57,322,414,66,28.30,27.00
252:57,322,414,63,28.30,27.00
252:57,321,413,67,28.30,27.00
252:57,321,414,67,28.30,27.00
252:57,322,415,66,28.30,27.00
252:57,323,415,67,28.30,27.00
252:57,323,414,67,28.30,27.00
252:57,321,415,66,28.30,27.00
252:57,323,414,67,28.30,27.00
252:57,322,415,68,28.30,27.00
252:57,321,413,67,28.30,27.00
252:57,321,415,67,28.30,27.00
252:57,321,414,66,28.40,28.00
252:57,321,413,67,28.40,28.00
252:57,321,412,67,28.40,28.00
252:57,321,414,66,28.40,28.00
252:57,321,414,66,28.40,28.00
252:57,321,414,67,28.40,28.00
252:57,321,414,65,28.40,28.00
252:57,322,413,61,28.40,28.00
252:57,321,414,63,28.40,28.00
252:57,321,415,67,28.40,28.00
252:57,321,410,62,28.40,28.00
252:57,321,413,66,28.40,28.00
252:57,321,413,62,28.40,28.00
252:57,321,415,70,28.40,28.00
252:57,321,415,68,28.40,28.00
252:57,321,414,66,28.40,28.00
252:57,321,413,66,28.40,27.00
252:57,321,414,67,28.40,27.00
252:57,320,410,67,28.40,27.00
252:57,321,413,67,28.40,27.00
252:57,320,413,67,28.40,27.00
252:57,321,414,67,28.40,27.00
252:57,320,409,68,28.40,27.00
252:57,322,414,66,28.40,27.00
252:57,321,410,66,28.30,27.00
252:57,320,414,62,28.30,27.00
252:57,321,415,67,28.30,27.00
252:57,320,414,67,28.30,27.00
252:57,320,408,66,28.30,27.00
252:57,321,414,67,28.30,27.00
252:57,320,415,68,28.30,27.00
252:57,320,413,67,28.30,27.00
252:57,318,412,66,28.40,27.00
252:57,313,413,68,28.40,27.00
252:57,314,413,67,28.40,27.00
252:57,303,414,67,28.40,27.00
252:57,315,413,66,28.40,27.00
252:57,318,414,67,28.40,27.00
252:57,320,413,67,28.40,27.00
252:57,318,414,67,28.40,27.00
252:57,318,414,66,28.40,27.00
252:57,319,414,68,28.40,27.00
252:57,320,413,68,28.40,27.00
252:57,320,414,66,28.40,27.00
252:57,320,414,66,28.30,26.00
252:57,320,413,66,28.30,26.00
252:57,320,415,68,28.30,26.00
252:57,320,414,68,28.30,26.00
252:57,320,414,65,28.30,26.00
252:57,320,414,67,28.30,26.00
252:57,320,414,67,28.30,26.00
252:57,320,414,67,28.30,26.00
252:57,320,415,67,28.40,26.00
252:57,320,414,67,28.40,26.00
252:57,319,413,63,28.40,26.00
252:57,320,412,66,28.40,26.00
252:57,320,414,67,28.30,26.00
252:57,320,414,67,28.30,26.00
252:57,319,413,67,28.30,26.00
252:57,319,414,66,28.30,26.00
252:57,319,414,67,28.30,26.00
252:57,320,414,67,28.30,26.00
252:57,322,415,72,28.30,26.00
252:57,319,413,68,28.30,26.00
252:57,318,414,63,28.30,26.00
252:57,320,414,66,28.30,26.00
252:57,319,413,67,28.30,26.00
252:57,320,413,66,28.30,26.00
252:57,319,413,66,28.30,27.00
252:57,319,410,67,28.30,27.00
252:57,319,415,67,28.30,27.00
252:57,319,414,66,28.30,27.00
252:57,319,413,66,28.30,27.00
252:57,319,413,68,28.30,27.00
252:57,319,413,68,28.30,27.00
252:57,319,410,67,28.30,27.00
252:57,319,414,66,28.40,27.00
252:57,319,414,67,28.40,27.00
252:57,319,413,67,28.40,27.00
252:57,317,414,69,28.40,27.00
252:57,319,413,63,28.30,28.00
252:57,319,414,67,28.30,28.00
252:57,320,413,67,28.30,28.00
252:57,319,415,66,28.30,28.00
252:57,318,413,67,28.30,28.00
252:57,318,410,67,28.30,28.00
252:57,318,412,67,28.30,28.00
252:57,318,414,67,28.30,28.00
252:57,319,415,66,28.30,28.00
252:57,318,411,67,28.30,28.00
252:57,318,414,69,28.30,28.00
252:57,318,414,67,28.30,28.00
252:57,318,413,62,28.30,28.00
252:57,318,415,67,28.30,28.00
252:57,317,414,67,28.30,28.00
252:57,317,414,67,28.30,28.00
252:57,318,416,69,28.30,28.00
252:57,317,415,68,28.30,28.00
252:57,317,414,68,28.30,28.00
252:57,316,414,65,28.30,28.00
252:57,313,413,64,28.30,28.00
252:57,310,415,69,28.30,28.00
252:57,310,414,68,28.30,28.00
252:57,308,414,65,28.30,28.00
252:57,314,408,66,28.30,28.00
252:57,318,414,67,28.30,28.00
252:57,317,414,67,28.30,28.00
252:57,318,414,67,28.30,28.00
252:57,317,413,66,28.30,28.00
252:57,319,414,67,28.30,28.00
252:57,318,414,67,28.30,28.00
252:57,318,415,67,28.30,28.00
252:57,318,414,63,28.30,28.00
252:57,319,413,63,28.30,28.00
252:57,318,413,67,28.30,28.00
252:57,318,413,62,28.30,28.00
252:57,318,414,67,28.30,28.00
252:57,317,413,67,28.30,28.00
252:57,317,414,67,28.30,28.00
252:57,318,414,66,28.30,28.00
252:57,317,413,61,28.30,28.00
252:57,317,414,67,28.30,28.00
252:57,317,414,67,28.30,28.00
252:57,318,414,67,28.30,28.00
252:57,318,414,66,28.30,28.00
252:57,317,414,66,28.30,28.00
252:57,317,413,67,28.30,28.00
252:57,318,414,66,28.30,28.00
252:57,318,415,67,28.30,28.00
252:57,318,414,63,28.30,28.00
252:57,318,412,68,28.30,28.00
252:57,317,415,67,28.30,28.00
252:57,317,414,66,28.30,28.00
252:57,317,415,67,28.30,28.00
252:57,317,413,67,28.30,28.00
252:57,317,414,67,28.30,28.00
252:57,317,414,63,28.30,28.00
252:57,315,415,67,28.30,28.00
252:57,316,413,67,28.30,28.00
252:57,317,412,67,28.30,28.00
252:57,318,415,66,28.30,28.00
252:57,317,410,67,28.30,28.00
252:57,317,414,68,28.30,28.00
252:57,317,414,61,28.30,28.00
252:57,317,414,67,28.30,28.00
252:57,317,415,69,28.30,28.00
252:57,317,412,68,28.30,28.00
252:57,315,411,67,28.30,28.00
252:57,317,414,67,28.30,28.00
252:57,316,412,70,28.30,28.00
252:57,316,410,69,28.30,28.00
252:57,317,415,67,28.30,28.00
252:57,316,414,66,28.30,28.00
252:57,316,415,67,28.30,28.00
252:57,317,414,68,28.30,28.00
252:57,318,414,67,28.30,28.00
252:57,316,414,67,28.30,28.00
252:57,316,414,67,28.30,28.00
252:57,316,414,68,28.30,28.00
252:57,316,413,66,28.30,28.00
252:57,316,415,66,28.30,28.00
252:57,317,412,68,28.30,28.00
252:57,316,414,72,28.30,28.00
252:57,316,415,67,28.30,28.00
252:57,316,414,65,28.30,28.00
252:57,314,414,68,28.30,28.00
252:57,316,414,65,28.30,28.00
252:57,316,413,68,28.30,28.00
252:57,316,415,66,28.30,28.00
252:57,317,414,66,28.30,28.00
252:57,316,413,68,28.30,28.00
252:57,316,413,67,28.30,28.00
252:57,316,413,66,28.30,28.00
252:57,318,409,67,28.30,28.00
252:57,316,413,67,28.30,28.00
252:57,316,409,66,28.30,28.00
252:57,314,414,66,28.30,28.00
252:57,316,412,68,28.30,28.00
252:57,316,415,68,28.30,28.00
252:57,316,412,67,28.30,28.00
252:57,316,413,65,28.30,28.00
252:57,316,414,67,28.30,28.00
252:57,316,414,62,28.30,28.00
252:57,315,413,66,28.30,28.00
252:57,314,414,66,28.30,28.00
252:57,315,413,62,28.30,28.00
252:57,316,410,67,28.30,28.00
252:57,315,414,61,28.30,28.00
252:57,315,414,67,28.40,27.00
252:57,315,413,69,28.40,27.00
252:57,315,415,68,28.40,27.00
252:57,315,415,67,28.40,27.00
252:57,315,413,66,28.30,27.00
252:57,316,409,66,28.30,27.00
252:57,315,414,68,28.30,27.00
252:57,315,415,68,28.30,27.00
252:57,315,414,67,28.30,26.00
252:57,315,415,68,28.30,26.00
252:57,315,415,67,28.30,26.00
252:57,315,414,62,28.30,26.00
252:57,315,413,66,28.30,26.00
252:57,316,414,67,28.30,26.00
252:57,315,414,67,28.30,26.00
252:57,315,414,67,28.30,26.00
252:57,315,413,66,28.30,26.00
252:57,315,413,67,28.30,26.00
252:57,314,410,67,28.30,26.00
252:57,316,414,66,28.30,26.00
252:57,314,409,66,28.30,26.00
252:57,315,415,67,28.30,26.00
252:57,315,414,68,28.30,26.00
252:57,316,415,67,28.30,26.00
252:57,316,414,67,28.30,26.00
252:57,315,414,67,28.30,26.00
252:57,315,415,67,28.30,26.00
252:57,314,410,67,28.30,26.00
252:57,314,415,68,28.30,26.00
252:57,314,414,63,28.30,26.00
252:57,314,411,69,28.30,26.00
252:57,314,414,66,28.30,26.00
252:57,314,413,66,28.30,26.00
252:57,315,412,67,28.30,26.00
252:57,314,413,67,28.30,26.00
252:57,314,413,66,28.30,26.00
252:57,314,413,66,28.30,26.00
252:57,315,413,66,28.30,26.00
252:57,314,414,67,28.30,26.00
252:57,314,413,63,28.30,26.00
252:57,314,414,67,28.30,26.00
252:57,314,414,62,28.30,26.00
252:57,314,415,67,28.30,26.00
252:57,314,413,66,28.30,26.00
252:57,314,412,66,28.30,26.00
252:57,314,413,67,28.30,26.00
252:57,315,414,68,28.30,26.00
252:57,314,413,62,28.30,26.00
252:57,314,415,68,28.30,25.00
252:57,314,414,69,28.30,25.00
252:57,314,413,67,28.30,25.00
252:57,313,412,66,28.30,25.00
252:57,313,411,67,28.30,25.00
252:57,315,414,67,28.30,25.00
252:57,314,413,68,28.30,25.00
252:57,314,413,67,28.30,25.00
252:57,314,414,66,28.30,25.00
252:57,313,412,68,28.30,25.00
252:57,313,413,65,28.30,25.00
252:57,314,413,68,28.30,25.00
252:57,313,414,67,28.30,25.00
252:57,314,414,67,28.30,25.00
252:57,313,414,69,28.30,25.00
252:57,313,415,66,28.30,25.00
252:57,313,413,66,28.30,25.00
252:57,314,415,68,28.30,25.00
252:57,313,415,67,28.30,25.00
252:57,313,414,67,28.30,25.00
252:57,312,414,67,28.30,26.00
252:57,311,413,68,28.30,26.00
252:57,313,408,67,28.30,26.00
252:57,313,414,66,28.30,26.00
252:57,313,414,67,28.30,26.00
252:57,313,412,70,28.30,26.00
252:57,313,411,63,28.30,26.00
252:57,313,413,68,28.30,26.00
252:57,313,409,67,28.30,26.00
252:57,313,415,67,28.30,26.00
252:57,313,415,69,28.30,26.00
252:57,313,415,68,28.30,26.00
252:57,313,413,66,28.30,26.00
252:57,312,412,67,28.30,26.00
252:57,312,413,67,28.30,26.00
252:57,312,413,67,28.30,26.00
252:57,312,409,67,28.20,26.00
252:57,312,413,68,28.20,26.00
252:57,313,415,67,28.20,26.00
252:57,312,414,66,28.20,26.00
252:57,312,414,66,28.30,26.00
252:57,312,415,69,28.30,26.00
252:57,313,414,70,28.30,26.00
252:57,313,413,63,28.30,26.00
252:57,312,413,66,28.30,26.00
252:57,312,414,68,28.30,26.00
252:57,310,415,69,28.30,26.00
252:57,311,414,64,28.30,26.00
252:57,311,414,67,28.30,26.00
252:57,306,415,67,28.30,26.00
252:57,310,410,68,28.30,26.00
252:57,312,414,67,28.30,26.00
252:57,313,414,67,28.30,26.00
252:57,312,415,72,28.30,26.00
252:57,312,415,67,28.30,26.00
252:57,313,413,66,28.30,26.00
252:57,312,413,67,28.30,26.00
252:57,313,415,70,28.30,26.00
252:57,312,414,72,28.30,26.00
252:57,312,407,68,28.30,26.00
252:57,312,412,66,28.30,26.00
252:57,312,413,62,28.30,26.00
252:57,312,414,68,28.30,26.00
252:57,312,414,67,28.30,26.00
252:57,312,414,66,28.30,26.00
252:57,312,414,68,28.30,26.00
252:57,312,414,68,28.30,26.00
252:57,313,414,67,28.30,26.00
252:57,312,413,66,28.30,26.00
252:57,312,415,68,28.30,26.00
252:57,314,414,68,28.30,26.00
252:57,312,413,67,28.30,26.00
252:57,312,407,67,28.30,26.00
252:57,312,414,66,28.30,26.00
252:57,313,415,69,28.30,26.00
252:57,310,414,66,28.30,26.00
252:57,314,414,63,28.30,26.00
252:57,312,415,68,28.30,26.00
252:57,312,415,68,28.30,26.00
252:57,312,411,67,28.30,26.00
252:57,311,414,67,28.30,26.00
252:57,311,413,67,28.30,26.00
252:57,309,414,69,28.30,26.00
252:57,311,413,67,28.30,26.00
252:57,311,414,66,28.30,26.00
252:57,311,412,69,28.30,26.00
252:57,312,414,68,28.30,26.00
252:57,311,414,62,28.30,26.00
252:57,310,413,62,28.30,26.00
252:57,311,414,68,28.30,26.00
252:57,311,414,69,28.30,26.00
252:57,311,414,63,28.30,26.00
252:57,309,410,67,28.30,26.00
252:57,311,414,69,28.30,26.00
252:57,311,414,68,28.30,26.00
252:57,309,413,67,28.30,26.00
252:57,310,414,66,28.30,26.00
252:57,310,413,72,28.30,26.00
252:57,310,413,68,28.30,26.00
252:57,312,415,68,28.30,26.00
252:57,311,414,67,28.30,26.00
252:57,311,408,68,28.30,26.00
252:57,311,410,68,28.30,26.00
252:57,309,414,67,28.30,26.00
252:57,311,414,66,28.30,26.00
252:57,311,414,67,28.30,26.00
252:57,310,414,68,28.30,26.00
252:57,311,414,67,28.30,26.00
252:57,311,414,67,28.30,26.00
252:57,310,414,68,28.30,26.00
252:57,310,414,67,28.30,26.00
252:57,310,414,66,28.30,26.00
252:57,311,414,66,28.30,26.00
252:57,310,415,67,28.30,26.00
252:57,310,414,68,28.30,26.00
252:57,310,413,67,28.30,26.00
252:57,310,415,66,28.30,26.00
252:57,310,414,67,28.30,26.00
252:57,310,408,67,28.30,26.00
252:57,311,414,68,28.30,26.00
252:57,309,414,63,28.30,26.00
252:57,310,414,67,28.30,26.00
252:57,311,409,65,28.30,26.00
252:57,308,414,68,28.30,26.00
252:57,310,414,67,28.30,26.00
252:57,310,414,67,28.30,26.00
252:57,310,415,63,28.30,26.00
252:57,309,414,67,28.30,26.00
252:57,310,413,66,28.30,26.00
252:57,310,409,68,28.30,26.00
252:57,310,414,68,28.30,26.00
252:57,310,413,67,28.30,26.00
252:57,309,413,67,28.30,26.00
252:57,309,414,67,28.30,26.00
252:57,309,413,67,28.30,26.00
252:57,308,413,66,28.30,26.00
252:57,309,408,67,28.30,26.00
252:57,308,414,66,28.30,26.00
252:57,309,414,67,28.30,26.00
252:57,309,415,67,28.30,26.00
252:57,308,415,67,28.30,26.00
252:57,309,413,68,28.30,26.00
252:57,309,414,68,28.30,26.00
252:57,309,415,67,28.30,26.00
252:57,309,415,63,28.30,26.00
252:57,309,415,68,28.30,26.00
252:57,309,412,68,28.30,26.00
252:57,310,413,66,28.30,26.00
252:57,309,413,66,28.30,26.00
252:57,308,414,67,28.30,26.00
252:57,309,414,68,28.30,26.00
252:57,309,414,67,28.30,26.00
252:57,309,408,67,28.30,26.00
252:57,310,414,69,28.30,26.00
252:57,309,413,68,28.30,26.00
252:57,308,413,67,28.30,26.00
252:57,308,414,65,28.30,26.00
252:57,310,415,69,28.30,26.00
252:57,310,414,68,28.30,26.00
252:57,308,413,67,28.30,26.00
252:57,308,413,66,28.30,26.00
252:57,309,415,68,28.30,26.00
252:57,309,414,68,28.30,26.00
252:57,309,414,68,28.30,26.00
252:57,308,409,68,28.30,26.00
252:57,308,412,68,28.30,26.00
252:57,309,414,68,28.30,26.00
252:57,309,413,67,28.30,26.00
252:57,308,408,67,28.30,26.00
252:57,310,409,63,28.30,26.00
252:57,308,414,68,28.30,26.00
252:57,308,415,67,28.30,26.00
252:57,309,413,64,28.30,26.00
252:57,309,414,69,28.30,26.00
252:57,308,414,68,28.30,26.00
252:57,308,415,68,28.30,26.00
252:57,308,413,67,28.30,27.00
252:57,309,414,68,28.30,27.00
252:57,308,413,68,28.30,27.00
252:57,308,414,70,28.30,27.00
252:57,308,415,67,28.30,27.00
252:57,308,413,70,28.30,27.00
252:57,308,414,68,28.30,27.00
252:57,309,413,66,28.30,27.00
252:57,309,414,67,28.30,27.00
252:57,308,415,67,28.30,27.00
252:57,308,414,67,28.30,27.00
252:57,308,414,67,28.30,27.00
252:57,308,413,64,28.30,27.00
252:57,308,415,67,28.30,27.00
252:57,308,411,68,28.30,27.00
252:57,308,414,67,28.30,27.00
252:57,308,414,63,28.30,27.00
252:57,308,415,68,28.30,27.00
252:57,308,413,67,28.30,27.00
252:57,308,413,67,28.30,27.00
252:57,308,414,67,28.30,27.00
252:57,307,414,66,28.30,27.00
252:57,307,415,68,28.30,27.00
252:57,307,415,66,28.30,27.00
252:57,306,413,66,28.30,27.00
252:57,307,413,67,28.30,27.00
252:57,307,414,70,28.30,27.00
252:57,307,414,67,28.30,27.00
252:57,307,412,66,28.30,27.00
252:57,307,414,63,28.30,27.00
252:57,307,415,69,28.30,27.00
252:57,307,415,68,28.30,27.00
252:57,307,411,66,28.30,27.00
252:57,307,414,68,28.30,27.00
252:57,307,414,68,28.30,27.00
252:57,307,414,67,28.30,27.00
252:57,306,414,66,28.30,27.00
252:57,308,414,68,28.30,27.00
252:57,307,415,67,28.30,27.00
252:57,307,415,67,28.30,27.00
252:57,307,413,65,28.30,27.00
252:57,307,414,70,28.30,27.00
252:57,307,414,68,28.30,27.00
252:57,307,414,67,28.30,27.00
252:57,307,414,67,28.30,27.00
252:57,305,414,67,28.30,27.00
252:57,306,413,65,28.30,27.00
252:57,307,414,68,28.30,27.00
252:57,307,412,66,28.30,27.00
252:57,306,414,67,28.30,27.00
252:57,307,414,68,28.30,27.00
252:57,306,414,67,28.30,27.00
252:57,306,414,66,28.30,27.00
252:57,306,415,67,28.30,27.00
252:57,306,413,67,28.30,27.00
252:57,306,407,67,28.30,27.00
252:57,305,414,67,28.30,27.00
252:57,307,414,67,28.30,27.00
252:57,306,414,67,28.30,27.00
252:57,307,413,66,28.30,27.00
252:57,306,413,68,28.40,27.00
252:57,307,414,66,28.40,27.00
252:57,306,414,68,28.40,27.00
252:57,307,414,66,28.40,27.00
252:57,306,415,66,28.30,27.00
252:57,308,413,68,28.30,27.00
252:57,306,413,70,28.30,27.00
252:57,307,414,62,28.30,27.00
252:57,306,415,66,28.30,27.00
252:57,305,409,62,28.30,27.00
252:57,306,408,69,28.30,27.00
252:57,306,414,67,28.30,27.00
252:57,306,413,66,28.30,26.00
252:57,307,414,67,28.30,26.00
252:57,306,413,67,28.30,26.00
252:57,307,415,67,28.30,26.00
252:57,306,410,66,28.30,26.00
252:57,306,414,68,28.30,26.00
252:57,307,411,67,28.30,26.00
252:57,306,414,67,28.30,26.00
252:57,305,414,67,28.30,26.00
252:57,306,414,68,28.30,26.00
252:57,305,413,62,28.30,26.00
252:57,306,413,65,28.30,26.00
252:57,306,414,65,28.30,26.00
252:57,305,413,66,28.30,26.00
252:57,305,410,67,28.30,26.00
252:57,305,414,66,28.30,26.00
252:57,305,414,66,28.30,26.00
252:57,305,413,67,28.30,26.00
252:57,305,414,67,28.30,26.00
252:57,305,414,66,28.30,26.00
252:57,304,414,65,28.30,26.00
252:57,305,414,66,28.30,26.00
252:57,305,413,62,28.30,26.00
252:57,305,413,65,28.30,26.00
252:57,306,415,65,28.30,27.00
252:57,305,414,66,28.30,27.00
252:57,305,413,64,28.30,27.00
252:57,305,414,66,28.30,27.00
252:57,305,411,65,28.30,27.00
252:57,305,414,62,28.30,27.00
252:57,305,414,66,28.30,27.00
252:57,305,410,65,28.30,27.00
252:57,305,413,65,28.30,27.00
252:57,305,415,66,28.30,27.00
252:57,303,414,66,28.30,27.00
252:57,305,410,66,28.30,27.00
252:57,305,414,65,28.30,27.00
252:57,304,413,66,28.30,27.00
252:57,305,415,66,28.30,27.00
252:57,306,414,63,28.30,27.00
252:57,305,415,65,28.30,27.00
252:57,304,409,67,28.30,27.00
252:57,305,414,66,28.30,27.00
252:57,304,414,66,28.30,27.00
252:57,305,413,63,28.30,27.00
252:57,305,414,66,28.30,27.00
252:57,304,414,66,28.30,27.00
252:57,304,412,65,28.30,27.00
252:57,304,413,65,28.30,27.00
252:57,304,413,63,28.30,27.00
252:57,304,414,66,28.30,27.00
252:57,304,414,65,28.30,27.00
252:57,304,408,65,28.30,27.00
252:57,304,413,67,28.30,27.00
252:57,303,415,66,28.30,27.00
252:57,304,410,66,28.30,27.00
252:57,304,413,65,28.30,27.00
252:57,304,414,67,28.30,27.00
252:57,304,416,67,28.30,27.00
252:57,303,412,65,28.30,27.00
252:57,302,413,65,28.30,27.00
252:57,305,415,66,28.30,27.00
252:57,304,415,67,28.30,27.00
252:57,303,414,65,28.30,27.00
252:57,302,413,65,28.30,27.00
252:57,303,412,66,28.30,27.00
252:57,302,413,67,28.30,27.00
252:57,305,414,68,28.30,27.00
252:57,304,412,65,28.30,27.00
252:57,306,414,66,28.30,27.00
252:57,304,414,66,28.30,27.00
252:57,304,414,66,28.30,27.00
252:57,304,413,66,28.30,27.00
252:57,302,413,68,28.30,27.00
252:57,304,415,67,28.30,27.00
252:57,304,413,67,28.30,27.00
252:57,304,414,65,28.30,26.00
252:57,303,413,62,28.30,26.00
252:57,304,413,66,28.30,26.00
252:57,303,413,68,28.30,26.00
252:57,305,413,68,28.30,26.00
252:57,305,414,67,28.30,26.00
252:57,303,414,66,28.30,26.00
252:57,304,413,67,28.30,26.00
252:57,303,413,65,28.30,26.00
252:57,304,414,66,28.30,26.00
252:57,304,415,66,28.30,26.00
252:57,304,413,65,28.30,26.00
252:57,303,413,64,28.30,26.00
252:57,303,413,65,28.30,26.00
252:57,304,415,67,28.30,26.00
252:57,302,414,66,28.30,26.00
252:57,303,413,66,28.30,26.00
252:57,303,414,64,28.30,26.00
252:57,303,413,67,28.30,26.00
252:57,302,414,65,28.30,26.00
252:57,303,412,62,28.30,26.00
252:57,304,414,66,28.30,26.00
252:57,303,414,67,28.30,26.00
252:57,303,413,65,28.30,26.00
252:57,304,413,65,28.20,26.00
252:57,303,413,66,28.20,26.00
252:57,304,414,68,28.20,26.00
252:57,303,414,66,28.20,26.00
252:57,303,414,66,28.30,26.00
252:57,303,414,66,28.30,26.00
252:57,303,415,66,28.30,26.00
252:57,304,412,68,28.30,26.00
252:57,303,414,67,28.30,26.00
252:57,303,414,66,28.30,26.00
252:57,303,414,66,28.30,26.00
252:57,303,414,67,28.30,26.00
252:57,303,413,66,28.30,26.00
252:57,304,415,65,28.30,26.00
252:57,303,414,66,28.30,26.00
252:57,302,413,65,28.30,26.00
252:57,304,413,65,28.40,26.00
252:57,303,415,67,28.40,26.00
252:57,303,409,68,28.40,26.00
252:57,303,414,68,28.40,26.00
252:57,303,414,65,28.30,26.00
252:57,302,412,67,28.30,26.00
252:57,303,413,65,28.30,26.00
252:57,303,414,67,28.30,26.00
252:57,302,412,66,28.30,26.00
252:57,304,414,68,28.30,26.00
252:57,303,414,67,28.30,26.00
252:57,303,413,62,28.30,26.00
252:57,304,413,65,28.30,26.00
252:57,300,412,62,28.30,26.00
252:57,301,414,66,28.30,26.00
252:57,302,414,66,28.30,26.00
252:57,301,414,65,28.30,26.00
252:57,302,409,67,28.30,26.00
252:57,302,411,65,28.30,26.00
252:57,302,412,65,28.30,26.00
252:57,302,415,65,28.30,27.00
252:57,303,415,67,28.30,27.00
252:57,303,414,67,28.30,27.00
252:57,303,413,65,28.30,27.00
252:57,303,413,63,28.40,27.00
252:57,303,414,67,28.40,27.00
252:57,302,413,67,28.40,27.00
252:57,302,414,67,28.40,27.00
252:57,303,414,64,28.30,27.00
252:57,302,414,66,28.30,27.00
252:57,303,414,67,28.30,27.00
252:57,303,415,66,28.30,27.00
252:57,302,413,60,28.30,27.00
252:57,302,413,65,28.30,27.00
252:57,304,413,66,28.30,27.00
252:57,302,414,65,28.30,27.00
252:57,302,413,65,28.30,27.00
252:57,302,413,65,28.30,27.00
252:57,302,415,66,28.30,27.00
252:57,303,414,65,28.30,27.00
252:57,302,414,67,28.30,27.00
252:57,302,415,67,28.30,27.00
252:57,302,414,67,28.30,27.00
252:57,302,414,68,28.30,27.00
252:57,302,414,67,28.30,27.00
252:57,302,414,66,28.30,27.00
252:57,301,412,65,28.30,27.00
252:57,301,410,65,28.30,27.00
252:57,301,414,65,28.30,26.00
252:57,300,409,66,28.30,26.00
252:57,301,413,66,28.30,26.00
252:57,301,414,66,28.30,26.00
252:57,301,413,60,28.20,26.00
252:57,300,414,66,28.20,26.00
252:57,301,413,66,28.20,26.00
252:57,301,413,65,28.20,26.00
252:57,301,413,64,28.30,26.00
252:57,301,414,67,28.30,26.00
252:57,301,410,68,28.30,26.00
252:57,301,413,65,28.30,26.00
252:57,301,413,65,28.30,26.00
252:57,301,413,66,28.30,26.00
252:57,301,413,66,28.30,26.00
252:57,300,414,66,28.30,26.00
252:57,301,414,67,28.30,27.00
252:57,301,414,66,28.30,27.00
252:57,301,408,66,28.30,27.00
252:57,301,413,66,28.30,27.00
252:57,302,413,65,28.30,27.00
252:57,302,414,66,28.30,27.00
252:57,301,415,66,28.30,27.00
252:57,301,414,66,28.30,27.00
252:57,301,414,65,28.30,26.00
252:57,301,413,68,28.30,26.00
252:57,301,414,68,28.30,26.00
252:57,301,413,66,28.30,26.00
252:57,301,413,66,28.30,27.00
252:57,298,414,67,28.30,27.00
252:57,300,414,67,28.30,27.00
252:57,301,413,66,28.30,27.00
252:57,301,414,68,28.30,27.00
252:57,300,410,68,28.30,27.00
252:57,301,413,67,28.30,27.00
252:57,300,413,65,28.30,27.00
252:57,300,412,63,28.30,27.00
252:57,302,412,66,28.30,27.00
252:57,301,414,68,28.30,27.00
252:57,301,413,66,28.30,27.00
252:57,300,414,65,28.30,27.00
252:57,300,414,66,28.30,27.00
252:57,300,414,66,28.30,27.00
252:57,300,414,66,28.30,27.00
252:57,300,413,65,28.30,26.00
252:57,300,414,67,28.30,26.00
252:57,301,408,66,28.30,26.00
252:57,300,414,66,28.30,26.00
252:57,299,414,65,28.30,26.00
252:57,299,414,67,28.30,26.00
252:57,296,413,62,28.30,26.00
252:57,292,414,66,28.30,26.00
252:57,288,413,64,28.30,26.00
252:57,285,414,65,28.30,26.00
252:57,292,413,65,28.30,26.00
252:57,298,414,65,28.30,26.00
252:57,300,414,65,28.30,26.00
252:57,299,413,66,28.30,26.00
252:57,299,414,66,28.30,26.00
252:57,299,413,66,28.30,26.00
252:57,300,415,67,28.30,26.00
252:57,298,413,66,28.30,26.00
252:57,299,414,67,28.30,26.00
252:57,299,413,65,28.30,26.00
252:57,299,414,65,28.30,26.00
252:57,299,413,64,28.30,26.00
252:57,299,413,67,28.30,26.00
252:57,299,414,66,28.30,26.00
252:57,299,413,65,28.40,26.00
252:57,299,415,61,28.40,26.00
252:57,300,414,66,28.40,26.00
252:57,298,414,66,28.40,26.00
252:57,299,413,65,28.30,27.00
252:57,299,413,68,28.30,27.00
252:57,297,413,66,28.30,27.00
252:57,299,415,66,28.30,27.00
252:57,300,413,65,28.30,27.00
252:57,299,413,66,28.30,27.00
252:57,299,414,67,28.30,27.00
252:57,298,415,66,28.30,27.00
252:57,296,413,65,28.30,28.00
252:57,294,413,66,28.30,28.00
252:57,289,414,66,28.30,28.00
252:57,293,413,65,28.30,28.00
252:57,294,409,64,28.30,28.00
252:57,292,411,68,28.30,28.00
252:57,297,415,63,28.30,28.00
252:57,296,414,68,28.30,28.00
252:57,298,408,65,28.30,27.00
252:57,298,409,61,28.30,27.00
252:57,298,414,66,28.30,27.00
252:57,299,414,67,28.30,27.00
252:57,299,415,62,28.20,27.00
252:57,300,414,67,28.20,27.00
252:57,298,413,66,28.20,27.00
252:57,300,414,66,28.20,27.00
252:57,298,413,66,28.30,27.00
252:57,298,414,63,28.30,27.00
252:57,300,413,67,28.30,27.00
252:57,299,414,63,28.30,27.00
252:57,298,407,64,28.30,27.00
252:57,298,414,66,28.30,27.00
252:57,298,413,66,28.30,27.00
252:57,298,412,65,28.30,27.00
252:57,298,413,65,28.30,27.00
252:57,298,413,65,28.30,27.00
252:57,298,414,66,28.30,27.00
252:57,298,413,62,28.30,27.00
252:57,298,414,66,28.30,27.00
252:57,298,413,66,28.30,27.00
252:57,298,414,66,28.30,27.00
252:57,298,413,65,28.30,27.00
252:57,298,413,65,28.30,27.00
252:57,298,414,61,28.30,27.00
252:57,298,415,68,28.30,27.00
252:57,298,408,66,28.30,27.00
252:57,297,414,66,28.20,27.00
252:57,298,414,66,28.20,27.00
252:57,300,414,66,28.20,27.00
252:57,298,414,68,28.20,27.00
252:57,299,413,66,28.30,27.00
252:57,298,414,68,28.30,27.00
252:57,298,415,66,28.30,27.00
252:57,297,408,66,28.30,27.00
252:57,298,407,67,28.30,26.00
252:57,297,414,67,28.30,26.00
252:57,297,415,67,28.30,26.00
252:57,297,414,66,28.30,26.00
252:57,297,409,61,28.30,26.00
252:57,297,409,66,28.30,26.00
252:57,297,414,66,28.30,26.00
252:57,297,413,65,28.30,26.00
252:57,297,413,65,28.30,26.00
252:57,297,410,66,28.30,26.00
252:57,298,414,66,28.30,26.00
252:57,297,414,66,28.30,26.00
252:57,297,413,68,28.40,26.00
252:57,295,413,66,28.40,26.00
252:57,296,414,68,28.40,26.00
252:57,296,414,66,28.40,26.00
252:57,298,408,68,28.30,26.00
252:57,297,415,66,28.30,26.00
252:57,297,413,67,28.30,26.00
252:57,296,409,68,28.30,26.00
252:57,296,414,68,28.30,26.00
252:57,296,415,66,28.30,26.00
252:57,296,413,66,28.30,26.00
252:57,296,413,67,28.30,26.00
252:57,296,413,63,28.30,26.00
252:57,296,414,67,28.30,26.00
252:57,296,413,66,28.30,26.00
252:57,297,414,66,28.30,26.00
252:57,296,415,65,28.30,26.00
252:57,297,414,66,28.30,26.00
252:57,297,414,62,28.30,26.00
252:57,296,414,68,28.30,26.00
252:57,297,413,65,28.30,27.00
252:57,296,413,67,28.30,27.00
252:57,296,414,67,28.30,27.00
252:57,296,414,66,28.30,27.00
252:57,294,415,65,28.20,27.00
252:57,296,414,66,28.20,27.00
252:57,296,415,66,28.20,27.00
252:57,296,413,65,28.20,27.00
252:57,296,413,61,28.30,27.00
252:57,295,413,66,28.30,27.00
252:57,295,414,66,28.30,27.00
252:57,295,413,67,28.30,27.00
252:57,295,413,68,28.30,27.00
252:57,295,415,67,28.30,27.00
252:57,295,414,66,28.30,27.00
252:57,294,414,67,28.30,27.00
252:57,295,415,65,28.30,27.00
252:57,295,413,66,28.30,27.00
252:57,295,415,67,28.30,27.00
252:57,295,414,66,28.30,27.00
252:57,295,413,62,28.30,28.00
252:57,295,413,66,28.30,28.00
252:57,295,413,66,28.30,28.00
252:57,295,413,65,28.30,28.00
252:57,294,412,66,28.30,28.00
252:57,293,414,66,28.30,28.00
252:57,295,414,66,28.30,28.00
252:57,294,413,67,28.30,28.00
252:57,294,413,66,28.20,28.00
252:57,294,413,68,28.20,28.00
252:57,294,414,66,28.20,28.00
252:57,294,413,65,28.20,28.00
252:57,295,412,65,28.20,28.00
252:57,295,413,65,28.20,28.00
252:57,294,412,67,28.20,28.00
252:57,294,414,66,28.20,28.00
252:57,294,413,65,28.20,28.00
252:57,294,414,66,28.20,28.00
252:57,294,414,67,28.20,28.00
252:57,294,413,65,28.20,28.00
252:57,294,415,64,28.30,28.00
252:57,294,415,66,28.30,28.00
252:57,296,411,67,28.30,28.00
252:57,293,414,66,28.30,28.00
252:57,292,414,65,28.30,28.00
252:57,293,414,67,28.30,28.00
252:57,293,413,61,28.30,28.00
252:57,294,413,65,28.30,28.00
252:57,293,413,64,28.30,28.00
252:57,293,415,62,28.30,28.00
252:57,294,413,66,28.30,28.00
252:57,293,414,65,28.30,28.00
252:57,294,413,65,28.30,28.00
252:57,294,414,62,28.30,28.00
252:57,293,414,66,28.30,28.00
252:57,293,413,65,28.30,28.00
252:57,293,413,65,28.20,28.00
252:57,293,412,68,28.20,28.00
252:57,293,415,67,28.20,28.00
252:57,293,409,65,28.20,28.00
252:57,294,413,65,28.30,28.00
252:57,293,414,66,28.30,28.00
252:57,291,410,67,28.30,28.00
252:57,294,413,65,28.30,28.00
252:57,291,414,65,28.30,28.00
252:57,294,414,67,28.30,28.00
252:57,292,414,66,28.30,28.00
252:57,293,414,67,28.30,28.00
252:57,293,413,65,28.20,27.00
252:57,293,414,66,28.20,27.00
252:57,293,414,68,28.20,27.00
252:57,292,413,67,28.20,27.00
252:57,291,413,66,28.30,27.00
252:57,292,413,67,28.30,27.00
252:57,292,414,65,28.30,27.00
252:57,292,413,63,28.30,27.00
252:57,293,413,66,28.30,28.00
252:57,292,413,66,28.30,28.00
252:57,294,414,66,28.30,28.00
252:57,292,414,65,28.30,28.00
252:57,292,409,65,28.30,28.00
252:57,292,414,66,28.30,28.00
252:57,292,408,66,28.30,28.00
252:57,292,413,66,28.30,28.00
252:57,292,415,65,28.20,28.00
252:57,292,414,66,28.20,28.00
252:57,291,412,62,28.20,28.00
252:57,291,413,65,28.20,28.00
252:57,291,412,64,28.20,28.00
252:57,292,415,67,28.20,28.00
252:57,292,415,66,28.20,28.00
252:57,290,414,62,28.20,28.00
252:57,291,414,65,28.30,27.00
252:57,291,414,66,28.30,27.00
252:57,291,413,66,28.30,27.00
252:57,291,414,62,28.30,27.00
252:57,292,407,64,28.20,27.00
252:57,291,414,66,28.20,27.00
252:57,289,413,66,28.20,27.00
252:57,291,414,66,28.20,27.00
252:57,291,413,66,28.30,27.00
252:57,291,414,67,28.30,27.00
252:57,290,415,66,28.30,27.00
252:57,290,413,68,28.30,27.00
252:57,290,413,64,28.20,27.00
252:57,291,413,66,28.20,27.00
252:57,291,413,66,28.20,27.00
252:57,290,413,67,28.20,27.00
252:57,290,414,65,28.30,27.00
252:57,290,409,66,28.30,27.00
252:57,291,414,68,28.30,27.00
252:57,290,413,62,28.30,27.00
252:57,290,414,66,28.30,27.00
252:57,290,413,60,28.30,27.00
252:57,291,415,67,28.30,27.00
252:57,291,413,65,28.30,27.00
252:57,290,410,66,28.20,27.00
252:57,291,415,67,28.20,27.00
252:57,290,413,67,28.20,27.00
252:57,289,411,66,28.20,27.00
252:57,290,413,65,28.30,27.00
252:57,289,414,66,28.30,27.00
252:57,290,413,66,28.30,27.00
252:57,290,414,66,28.30,27.00
252:57,290,413,65,28.30,27.00
252:57,290,414,62,28.30,27.00
252:57,290,414,68,28.30,27.00
252:57,290,415,66,28.30,27.00
252:57,290,414,65,28.20,27.00
252:57,289,414,68,28.20,27.00
252:57,289,414,67,28.20,27.00
252:57,290,414,68,28.20,27.00
252:57,289,413,65,28.10,27.00
252:57,289,413,66,28.10,27.00
252:57,289,415,67,28.10,27.00
252:57,289,414,66,28.10,27.00
252:57,289,414,67,28.30,27.00
252:57,290,413,67,28.30,27.00
252:57,289,413,66,28.30,27.00
252:57,289,412,68,28.30,27.00
252:57,289,414,65,28.30,27.00
252:57,289,415,67,28.30,27.00
252:57,288,415,67,28.30,27.00
252:57,287,414,66,28.30,27.00
252:57,289,413,65,28.20,27.00
252:57,287,414,68,28.20,27.00
252:57,289,413,66,28.20,27.00
252:57,289,415,66,28.20,27.00
252:57,287,413,65,28.30,27.00
252:57,288,414,66,28.30,27.00
252:57,288,413,68,28.30,27.00
252:57,288,413,68,28.30,27.00
252:57,288,412,61,28.20,28.00
252:57,289,413,66,28.20,28.00
252:57,288,413,66,28.20,28.00
252:57,288,414,65,28.20,28.00
252:57,287,413,66,28.30,28.00
252:57,288,413,66,28.30,28.00
252:57,288,408,66,28.30,28.00
252:57,288,413,66,28.30,28.00
252:57,288,413,63,28.30,28.00
252:57,286,413,66,28.30,28.00
252:57,289,414,67,28.30,28.00
252:57,288,413,65,28.30,28.00
252:57,288,413,65,28.20,28.00
252:57,288,414,67,28.20,28.00
252:57,288,413,66,28.20,28.00
252:57,287,412,67,28.20,28.00
252:57,288,414,65,28.30,28.00
252:57,288,414,66,28.30,28.00
252:57,288,414,66,28.30,28.00
252:57,288,413,66,28.30,28.00
252:57,288,414,67,28.30,28.00
252:57,287,414,67,28.30,28.00
252:57,288,414,66,28.30,28.00
252:57,287,413,66,28.30,28.00
252:57,287,414,65,28.30,28.00
252:57,288,415,68,28.30,28.00
252:57,289,413,67,28.30,28.00
252:57,287,413,66,28.30,28.00
252:57,285,414,61,28.20,28.00
252:57,288,414,67,28.20,28.00
252:57,287,413,66,28.20,28.00
252:57,287,414,68,28.20,28.00
252:57,288,414,66,28.30,28.00
252:57,287,413,64,28.30,28.00
252:57,287,413,67,28.30,28.00
252:57,287,413,65,28.30,28.00
252:57,287,414,65,28.30,28.00
252:57,287,415,67,28.30,28.00
252:57,287,415,63,28.30,28.00
252:57,287,413,67,28.30,28.00
252:57,287,413,65,28.30,27.00
252:57,285,414,67,28.30,27.00
252:57,287,415,67,28.30,27.00
252:57,286,413,62,28.30,27.00
252:57,288,414,65,28.30,27.00
252:57,286,412,66,28.30,27.00
252:57,286,415,64,28.30,27.00
252:57,287,413,65,28.30,27.00
252:57,286,408,67,28.40,26.00
252:57,287,415,67,28.40,26.00
252:57,287,414,66,28.40,26.00
252:57,287,413,68,28.40,26.00
252:57,288,413,65,28.30,26.00
252:57,287,415,66,28.30,26.00
252:57,286,412,65,28.30,26.00
252:57,286,413,68,28.30,26.00
252:57,286,414,64,28.30,27.00
252:57,287,414,66,28.30,27.00
252:57,288,413,66,28.30,27.00
252:57,288,414,66,28.30,27.00
252:57,287,413,65,28.30,27.00
252:57,287,415,66,28.30,27.00
252:57,286,413,66,28.30,27.00
252:57,286,413,67,28.30,27.00
252:57,286,415,65,28.30,27.00
252:57,286,410,61,28.30,27.00
252:57,286,413,66,28.30,27.00
252:57,288,414,65,28.30,27.00
252:57,286,413,64,28.30,27.00
252:57,286,414,66,28.30,27.00
252:57,286,413,65,28.30,27.00
252:57,284,415,65,28.30,27.00
252:57,285,414,65,28.30,27.00
252:57,287,414,66,28.30,27.00
252:57,287,414,66,28.30,27.00
252:57,286,414,65,28.30,27.00
252:57,285,413,65,28.30,27.00
252:57,285,413,65,28.30,27.00
252:57,285,413,68,28.30,27.00
252:57,285,413,66,28.30,27.00
252:57,286,414,64,28.30,27.00
252:57,285,413,66,28.30,27.00
252:57,285,415,67,28.30,27.00
252:57,285,414,66,28.30,27.00
252:57,285,414,63,28.30,28.00
252:57,285,414,68,28.30,28.00
252:57,285,413,65,28.30,28.00
252:57,285,413,65,28.30,28.00
252:57,285,413,65,28.30,27.00
252:57,285,411,66,28.30,27.00
252:57,285,415,63,28.30,27.00
252:57,285,411,66,28.30,27.00
252:57,285,414,68,28.30,27.00
252:57,286,414,65,28.30,27.00
252:57,285,413,66,28.30,27.00
252:57,284,413,60,28.30,27.00
252:57,284,408,64,28.30,27.00
252:57,284,412,66,28.30,27.00
252:57,285,414,67,28.30,27.00
252:57,285,414,65,28.30,27.00
252:57,284,414,65,28.30,27.00
252:57,284,414,67,28.30,27.00
252:57,285,414,65,28.30,27.00
252:57,284,412,65,28.30,27.00
252:57,284,414,64,28.30,27.00
252:57,284,412,65,28.30,27.00
252:57,284,413,68,28.30,27.00
252:57,284,413,62,28.30,27.00
252:57,286,414,65,28.30,27.00
252:57,284,413,64,28.30,27.00
252:57,284,414,65,28.30,27.00
252:57,284,413,64,28.30,27.00
252:57,282,413,64,28.20,27.00
252:57,284,413,64,28.20,27.00
252:57,284,414,66,28.20,27.00
252:57,285,414,65,28.20,27.00
252:57,284,415,65,28.30,26.00
252:57,284,413,62,28.30,26.00
252:57,283,414,66,28.30,26.00
252:57,285,413,66,28.30,26.00
252:57,282,413,65,28.20,26.00
252:57,284,413,65,28.20,26.00
252:57,284,414,66,28.20,26.00
252:57,285,413,65,28.20,26.00
252:57,284,414,65,28.30,26.00
252:57,284,413,65,28.30,26.00
252:57,283,408,67,28.30,26.00
252:57,283,415,65,28.30,26.00
252:57,283,414,64,28.30,26.00
252:57,281,409,64,28.30,26.00
252:57,286,415,66,28.30,26.00
252:57,283,413,65,28.30,26.00
252:57,283,412,63,28.30,26.00
252:57,283,413,64,28.30,26.00
252:57,283,413,66,28.30,26.00
252:57,281,413,64,28.30,26.00
252:57,283,413,63,28.30,26.00
252:57,281,414,68,28.30,26.00
252:57,283,414,65,28.30,26.00
252:57,283,413,65,28.30,26.00
252:57,283,414,60,28.30,26.00
252:57,282,414,66,28.30,26.00
252:57,283,414,65,28.30,26.00
252:57,283,414,65,28.30,26.00
252:57,283,414,64,28.30,26.00
252:57,283,414,66,28.30,26.00
252:57,284,414,65,28.30,26.00
252:57,281,413,65,28.30,26.00
252:57,284,415,66,28.30,26.00
252:57,282,414,66,28.30,26.00
252:57,282,408,62,28.30,26.00
252:57,282,414,64,28.30,26.00
252:57,282,413,61,28.20,26.00
252:57,282,414,66,28.20,26.00
252:57,283,414,62,28.20,26.00
252:57,282,413,65,28.20,26.00
252:57,280,407,64,28.20,26.00
252:57,282,413,65,28.20,26.00
252:57,282,413,65,28.20,26.00
252:57,282,413,66,28.20,26.00
252:57,282,413,60,28.30,26.00
252:57,282,412,64,28.30,26.00
252:57,283,413,65,28.30,26.00
252:57,282,415,65,28.30,26.00
252:57,282,412,64,28.30,27.00
252:57,284,414,67,28.30,27.00
252:57,282,414,67,28.30,27.00
252:57,282,413,66,28.30,27.00
252:57,282,413,64,28.30,27.00
252:57,280,414,66,28.30,27.00
252:57,282,413,63,28.30,27.00
252:57,282,413,65,28.30,27.00
252:57,282,414,65,28.30,27.00
252:57,282,414,65,28.30,27.00
252:57,281,414,60,28.30,27.00
252:57,281,413,65,28.30,27.00
252:57,282,414,64,28.30,27.00
252:57,281,414,62,28.30,27.00
252:57,281,413,65,28.30,27.00
252:57,281,411,64,28.30,27.00
252:57,281,414,65,28.30,27.00
252:57,279,413,66,28.30,27.00
252:57,281,413,66,28.30,27.00
252:57,281,414,68,28.30,27.00
252:57,281,414,64,28.30,27.00
252:57,281,408,66,28.30,27.00
252:57,282,413,63,28.30,27.00
252:57,281,414,65,28.30,27.00
252:57,281,415,64,28.10,27.00
252:57,281,414,65,28.10,27.00
252:57,281,414,65,28.10,27.00
252:57,280,413,64,28.10,27.00
252:57,280,413,64,28.30,27.00
252:57,280,413,65,28.30,27.00
252:57,281,413,65,28.30,27.00
252:57,280,414,64,28.30,27.00
252:57,281,414,65,28.20,26.00
252:57,280,414,66,28.20,26.00
252:57,280,410,68,28.20,26.00
252:57,282,414,65,28.20,26.00
252:57,280,413,59,28.30,26.00
252:57,280,415,65,28.30,26.00
252:57,280,412,65,28.30,26.00
252:57,280,408,64,28.30,26.00
252:57,280,414,64,28.10,26.00
252:57,279,414,65,28.10,26.00
252:57,279,415,63,28.10,26.00
252:57,280,413,64,28.10,26.00
252:57,280,413,59,28.30,26.00
252:57,280,413,65,28.30,26.00
252:57,280,413,65,28.30,26.00
252:57,280,413,64,28.30,26.00
252:57,279,413,64,28.30,26.00
252:57,282,413,66,28.30,26.00
252:57,281,413,66,28.30,26.00
252:57,280,414,66,28.30,26.00
252:57,280,413,60,28.30,27.00
252:57,278,414,68,28.30,27.00
252:57,280,412,61,28.30,27.00
252:57,280,414,65,28.30,27.00
252:57,280,414,66,28.30,27.00
252:57,280,413,68,28.30,27.00
252:57,277,414,66,28.30,27.00
252:57,280,413,65,28.30,27.00
252:57,280,414,59,28.30,27.00
252:57,282,414,65,28.30,27.00
252:57,280,413,67,28.30,27.00
252:57,279,415,66,28.30,27.00
252:57,280,412,66,28.30,27.00
252:57,280,413,65,28.30,27.00
252:57,279,414,66,28.30,27.00
252:57,279,413,66,28.30,27.00
252:57,279,413,66,28.30,27.00
252:57,279,413,64,28.30,27.00
252:57,279,413,65,28.30,27.00
252:57,279,415,65,28.30,27.00
252:57,279,413,62,28.30,28.00
252:57,279,414,65,28.30,28.00
252:57,279,411,66,28.30,28.00
252:57,278,413,64,28.30,28.00
252:57,279,414,64,28.30,28.00
252:57,280,414,68,28.30,28.00
252:57,279,410,65,28.30,28.00
252:57,280,411,65,28.30,28.00
252:57,279,414,66,28.30,28.00
252:57,278,413,64,28.30,28.00
252:57,279,414,66,28.30,28.00
252:57,279,413,65,28.30,28.00
252:57,279,413,63,28.30,28.00
252:57,279,413,65,28.30,28.00
252:57,279,413,65,28.30,28.00
252:57,279,413,65,28.30,28.00
252:57,278,415,64,28.30,27.00
252:57,278,414,65,28.30,27.00
252:57,279,414,63,28.30,27.00
252:57,278,413,65,28.30,27.00
252:57,278,413,64,28.30,27.00
252:57,277,414,62,28.30,27.00
252:57,279,415,66,28.30,27.00
252:57,278,413,65,28.30,27.00
252:57,278,409,64,28.10,27.00
252:57,278,413,65,28.10,27.00
252:57,278,414,67,28.10,27.00
252:57,278,409,66,28.10,27.00
252:57,279,413,65,28.30,27.00
252:57,279,413,65,28.30,27.00
252:57,278,413,65,28.30,27.00
252:57,278,413,65,28.30,27.00
252:57,278,413,64,28.30,27.00
252:57,278,409,68,28.30,27.00
252:57,277,414,60,28.30,27.00
252:57,277,413,64,28.30,27.00
252:57,277,413,66,28.30,27.00
252:57,278,414,68,28.30,27.00
252:57,278,413,64,28.30,27.00
252:57,277,413,66,28.30,27.00
252:57,277,413,64,28.20,26.00
252:57,278,414,65,28.20,26.00
252:57,278,413,66,28.20,26.00
252:57,278,414,65,28.20,26.00
252:57,278,414,65,28.30,26.00
252:57,277,414,65,28.30,26.00
252:57,277,408,62,28.30,26.00
252:57,277,414,65,28.30,26.00
252:57,277,413,68,28.30,26.00
252:57,277,414,68,28.30,26.00
252:57,277,413,65,28.30,26.00
252:57,277,413,64,28.30,26.00
252:57,277,413,64,28.20,26.00
252:57,277,413,65,28.20,26.00
252:57,274,409,65,28.20,26.00
252:57,277,412,64,28.20,26.00
252:57,276,412,65,28.30,26.00
252:57,277,413,65,28.30,26.00
252:57,277,413,65,28.30,26.00
252:57,276,407,62,28.30,26.00
252:57,277,413,64,28.10,26.00
252:57,277,414,65,28.10,26.00
252:57,276,415,67,28.10,26.00
252:57,276,413,66,28.10,26.00
252:57,276,412,65,28.30,26.00
252:57,278,411,65,28.30,26.00
252:57,277,413,65,28.30,26.00
252:57,276,412,66,28.30,26.00
252:57,276,409,65,28.10,26.00
252:57,274,413,66,28.10,26.00
252:57,275,415,65,28.10,26.00
252:57,276,413,64,28.10,26.00
252:57,278,413,66,28.10,26.00
252:57,276,413,65,28.10,26.00
252:57,277,414,65,28.10,26.00
252:57,276,414,64,28.10,26.00
252:57,278,415,66,28.20,26.00
252:57,276,414,65,28.20,26.00
252:57,275,413,68,28.20,26.00
252:57,276,413,64,28.20,26.00
252:57,276,413,64,28.30,26.00
252:57,276,413,66,28.30,26.00
252:57,276,414,60,28.30,26.00
252:57,276,413,64,28.30,26.00
252:57,275,414,64,28.30,26.00
252:57,276,413,64,28.30,26.00
252:57,276,415,65,28.30,26.00
252:57,275,413,64,28.30,26.00
252:57,275,412,66,28.30,26.00
252:57,275,413,62,28.30,26.00
252:57,275,414,66,28.30,26.00
252:57,275,413,65,28.30,26.00
252:57,273,412,64,28.10,26.00
252:57,275,415,66,28.10,26.00
252:57,275,412,66,28.10,26.00
252:57,276,413,64,28.10,26.00
252:57,275,412,64,28.10,27.00
252:57,275,413,64,28.10,27.00
252:57,276,414,64,28.10,27.00
252:57,276,413,63,28.10,27.00
252:57,274,413,64,28.30,27.00
252:57,275,415,65,28.30,27.00
252:57,275,413,66,28.30,27.00
252:57,275,413,64,28.30,27.00
252:57,276,413,64,28.30,26.00
252:57,276,411,65,28.30,26.00
252:57,276,414,65,28.30,26.00
252:57,275,413,65,28.30,26.00
252:57,275,414,63,28.10,26.00
252:57,274,412,62,28.10,26.00
252:57,275,414,68,28.10,26.00
252:57,275,415,66,28.10,26.00
252:57,274,414,64,28.10,26.00
252:57,275,414,68,28.10,26.00
252:57,275,414,64,28.10,26.00
252:57,274,413,64,28.10,26.00
252:57,276,413,59,28.30,26.00
252:57,275,414,65,28.30,26.00
252:57,274,414,59,28.30,26.00
252:57,274,414,65,28.30,26.00
252:57,274,415,64,28.20,26.00
252:57,274,414,62,28.20,26.00
252:57,274,413,65,28.20,26.00
252:57,274,414,65,28.20,26.00
252:57,276,415,64,28.30,26.00
252:57,272,414,65,28.30,26.00
252:57,275,414,67,28.30,26.00
252:57,275,413,64,28.30,26.00
252:57,274,413,65,28.30,26.00
252:57,274,413,62,28.30,26.00
252:57,274,413,65,28.30,26.00
252:57,275,410,64,28.30,26.00
252:57,274,414,65,28.30,26.00
252:57,274,414,64,28.30,26.00
252:57,274,413,64,28.30,26.00
252:57,273,413,64,28.30,26.00
252:57,276,413,64,28.30,26.00
252:57,274,413,65,28.30,26.00
252:57,271,414,65,28.30,26.00
252:57,274,413,65,28.30,26.00
252:57,272,413,64,28.30,26.00
252:57,273,414,65,28.30,26.00
252:57,273,408,60,28.30,26.00
252:57,273,413,65,28.30,26.00
252:57,273,413,64,28.10,26.00
252:57,273,415,65,28.10,26.00
252:57,273,413,62,28.10,26.00
252:57,273,413,65,28.10,26.00
252:57,273,412,65,28.30,26.00
252:57,276,413,65,28.30,26.00
252:57,273,413,65,28.30,26.00
252:57,273,414,64,28.30,26.00
252:57,273,413,64,28.20,26.00
252:57,273,410,65,28.20,26.00
252:57,273,414,59,28.20,26.00
252:57,273,407,60,28.20,26.00
252:57,272,414,64,28.10,26.00
252:57,274,413,64,28.10,26.00
252:57,273,412,66,28.10,26.00
252:57,271,414,65,28.10,26.00
252:57,273,413,65,28.30,26.00
252:57,274,414,65,28.30,26.00
252:57,273,409,66,28.30,26.00
252:57,272,413,63,28.30,26.00
252:57,272,414,64,28.20,26.00
252:57,272,413,66,28.20,26.00
252:57,274,414,65,28.20,26.00
252:57,272,414,65,28.20,26.00
252:57,273,413,61,28.30,26.00
252:57,274,414,66,28.30,26.00
252:57,273,413,65,28.30,26.00
252:57,273,413,65,28.30,26.00
252:57,272,414,64,28.20,26.00
252:57,273,415,65,28.20,26.00
252:57,273,414,65,28.20,26.00
252:57,274,414,65,28.20,26.00
252:57,274,414,65,28.30,26.00
252:57,273,414,65,28.30,26.00
252:57,272,413,65,28.30,26.00
252:57,272,411,66,28.30,26.00
252:57,272,413,64,28.10,26.00
252:57,270,415,65,28.10,26.00
252:57,273,415,65,28.10,26.00
252:57,272,413,66,28.10,26.00
252:57,272,413,63,28.10,26.00
252:57,272,415,65,28.10,26.00
252:57,272,412,68,28.10,26.00
252:57,270,413,64,28.10,26.00
252:57,272,414,60,28.30,26.00
252:57,272,414,66,28.30,26.00
252:57,272,414,65,28.30,26.00
252:57,272,413,65,28.30,26.00
252:57,273,414,62,28.30,26.00
252:57,272,414,65,28.30,26.00
252:57,272,412,65,28.30,26.00
252:57,272,414,59,28.30,26.00
252:57,272,414,68,28.30,26.00
252:57,274,414,65,28.30,26.00
252:57,272,415,65,28.30,26.00
252:57,272,413,68,28.30,26.00
252:57,270,413,64,28.20,26.00
252:57,272,414,65,28.20,26.00
252:57,272,414,65,28.20,26.00
252:57,272,408,64,28.20,26.00
252:57,271,414,64,28.30,26.00
252:57,272,412,68,28.30,26.00
252:57,271,413,66,28.30,26.00
252:57,271,413,64,28.30,26.00
252:57,271,414,65,28.20,26.00
252:57,271,414,65,28.20,26.00
252:57,272,414,65,28.20,26.00
252:57,271,413,65,28.20,26.00
252:57,269,413,59,28.10,26.00
252:57,271,412,68,28.10,26.00
252:57,271,414,65,28.10,26.00
252:57,271,413,64,28.10,26.00
252:57,271,413,63,28.20,26.00
252:57,271,413,65,28.20,26.00
252:57,271,411,65,28.20,26.00
252:57,272,413,64,28.20,26.00
252:57,271,413,63,28.10,26.00
252:57,270,412,64,28.10,26.00
252:57,270,414,65,28.10,26.00
252:57,270,414,64,28.10,26.00
252:57,270,412,64,28.30,26.00
252:57,271,414,67,28.30,26.00
252:57,270,413,68,28.30,26.00
252:57,270,412,64,28.30,26.00
252:57,270,413,65,28.30,26.00
252:57,270,409,62,28.30,26.00
252:57,270,413,66,28.30,26.00
252:57,270,414,65,28.30,26.00
252:57,270,413,63,28.10,26.00
252:57,270,414,65,28.10,26.00
252:57,270,410,64,28.10,26.00
252:57,271,413,60,28.10,26.00
252:57,270,414,64,28.30,26.00
252:57,270,413,65,28.30,26.00
252:57,270,414,65,28.30,26.00
252:57,270,410,64,28.30,26.00
252:57,269,410,64,28.10,26.00
252:57,270,413,66,28.10,26.00
252:57,270,413,65,28.10,26.00
252:57,271,413,59,28.10,26.00
252:57,270,413,64,28.10,26.00
252:57,270,412,64,28.10,26.00
252:57,271,414,65,28.10,26.00
252:57,267,414,64,28.10,26.00
252:57,270,413,64,28.10,26.00
252:57,269,408,60,28.10,26.00
252:57,269,414,64,28.10,26.00
252:57,270,413,64,28.10,26.00
252:57,269,412,63,28.10,26.00
252:57,269,414,63,28.10,26.00
252:57,268,414,66,28.10,26.00
252:57,268,415,64,28.10,26.00
252:57,269,415,63,28.10,26.00
252:57,270,414,65,28.10,26.00
252:57,270,414,66,28.10,26.00
252:57,269,410,66,28.10,26.00
252:57,269,413,64,28.30,26.00
252:57,269,414,64,28.30,26.00
252:57,268,413,68,28.30,26.00
252:57,269,408,65,28.30,26.00
252:57,270,413,66,28.30,26.00
252:57,268,413,60,28.30,26.00
252:57,269,414,64,28.30,26.00
252:57,269,414,64,28.30,26.00
252:57,269,413,65,28.10,26.00
252:57,267,413,66,28.10,26.00
252:57,269,413,64,28.10,26.00
252:57,269,410,66,28.10,26.00
252:57,269,413,63,28.20,26.00
252:57,270,413,64,28.20,26.00
252:57,268,410,67,28.20,26.00
252:57,269,413,65,28.20,26.00
252:57,268,413,68,28.30,26.00
252:57,267,414,65,28.30,26.00
252:57,268,413,68,28.30,26.00
252:57,269,415,60,28.30,26.00
252:57,270,413,63,28.10,26.00
252:57,268,409,64,28.10,26.00
252:57,266,413,65,28.10,26.00
252:57,269,414,64,28.10,26.00
252:57,268,413,63,28.30,26.00
252:57,268,414,66,28.30,26.00
252:57,268,414,63,28.30,26.00
252:57,267,413,63,28.30,26.00
252:57,268,413,60,28.30,26.00
252:57,268,414,65,28.30,26.00
252:57,269,413,65,28.30,26.00
252:57,268,414,65,28.30,26.00
252:57,268,414,63,28.30,26.00
252:57,267,414,65,28.30,26.00
252:57,268,414,65,28.30,26.00
252:57,266,412,64,28.30,26.00
252:57,268,413,63,28.10,26.00
